0.00
2657040.50
5112406.50
7184829.50
8731543.00
9661996.00
9945700.00
9613389.00
8751488.00
7490680.00
5990043.50
4418703.50
2937211.50
1680821.25
746535.25
185278.12
-119.38
148830.00
555029.75
1118241.00
1729467.62
2285393.00
2701069.25
2919350.50
2916077.50
2700592.50
2311812.25
1810641.38
1269947.12
763579.38
355972.25
93691.62
-22.50
72849.50
286856.12
598011.38
951079.75
1288057.75
1556610.00
1717270.12
1748450.75
1648656.88
1435717.62
1143280.25
815191.25
498659.50
237232.00
64603.38
113.00
46510.50
190222.50
403984.50
651366.75
892461.62
1089868.00
1214089.12
1247576.75
1186884.25
1042673.75
837655.88
602828.38
372620.62
179697.00
50183.62
12.50
32881.50
140085.50
302178.62
492176.88
679778.25
835952.75
937209.88
968926.25
927270.00
819468.12
662432.38
479984.12
299126.25
145944.50
41746.50
13.00
24586.75
109338.88
239328.00
393239.62
546716.00
676059.62
761751.12
791263.12
760768.12
675511.38
548823.12
399948.25
251041.00
123792.88
36201.12
-41.38
18838.88
88297.38
196323.00
325387.38
455177.38
565689.38
640215.50
667777.38
644656.88
574811.62
469134.25
343689.62
217212.25
108250.00
32390.12
-21.25
14667.25
72984.75
164987.12
275861.00
388229.75
484801.62
550961.25
576912.38
559064.88
500467.00
410237.88
302096.25
192229.38
96823.12
29635.50
-28.12
11360.12
61115.25
140839.75
237772.25
336772.38
422627.38
482336.88
507029.12
493228.88
443298.50
364994.50
270222.50
173190.38
88240.50
27695.00
36.12
8687.88
51575.25
121513.50
207359.75
295741.25
373093.75
427701.25
451428.62
440893.12
397908.12
329138.62
245036.62
158218.50
81544.25
26182.12
-45.00
6209.62
43373.75
105255.12
182032.25
261775.62
332264.38
382826.12
405917.50
398218.38
361075.50
300241.62
224957.75
146521.75
76567.38
25314.25
51.50
4079.62
36264.12
91259.25
160361.25
232855.00
297645.00
344925.25
367634.38
362482.50
330399.75
276347.50
208527.00
137110.38
72694.62
24705.75
0.25
1866.25
29572.75
78524.00
140993.00
207315.12
267358.00
312044.62
334701.50
332030.00
304563.38
256543.75
195244.38
129848.50
70052.38
24609.50
30.00
-366.88
23085.00
66489.12
123008.38
183919.50
239937.25
282608.25
305564.75
305453.38
282401.75
239962.50
184545.12
124428.38
68505.00
24948.38
2.50
-2928.88
16242.62
54312.00
105294.50
161346.75
213953.50
255202.88
278954.00
281733.12
263218.00
226252.75
176390.25
121038.38
68341.75
25965.12
-35.88
-6093.62
8370.62
40895.00
86374.50
137845.12
187532.50
228007.25
253276.88
259651.88
246261.38
215150.38
170942.88
120137.00
70126.75
28109.88
36.00
-10246.62
-1530.62
24609.25
64076.00
110879.38
158026.00
198549.62
226515.12
237866.88
230986.62
206898.50
169084.62
122957.00
75055.25
32100.12
33.25
-16815.25
-16318.75
1176.62
32933.88
74241.62
119099.38
161068.75
194170.62
213700.88
216856.12
203087.38
174141.50
133792.25
87306.62
40725.25
57.88
-29499.25
-44221.75
-42312.62
-24105.12
8003.12
49864.00
96093.50
140714.25
177848.50
202379.12
210509.00
200167.12
171229.00
125544.75
66785.88
137.50
-68125.25
-131136.12
-181972.25
-214186.38
-222306.62
-202278.50
-151828.25
-70726.75
39061.88
173365.62
325935.62
488739.25
652407.12
806831.75
941882.50
1048197.88
1117989.00
1145784.38
1129030.88
1068480.88
968297.50
835843.62
681147.25
516071.88
353264.50
204976.12
81881.75
-7969.00
-59951.25
-73305.88
-51167.12
-157.12
70412.38
149643.38
226333.88
290283.62
333466.25
350921.38
341255.12
306690.50
252657.12
186983.50
118793.25
57255.62
10355.88
-16151.88
-19471.12
-75.12
38433.75
89890.88
146479.88
199857.00
242329.88
267926.75
273206.00
257696.88
223914.25
176947.75
123691.88
71828.50
28711.38
312.12
-9620.62
-70.75
27136.38
67637.25
115199.12
162650.50
202938.00
230154.75
240388.38
232269.38
207141.88
168834.38
123069.62
76602.12
36213.12
7711.75
-4910.50
-50.75
21294.25
55701.00
97849.50
141329.12
179598.12
206953.88
219371.25
215083.12
194822.75
161692.25
120680.50
77904.25
39689.50
11627.12
-2252.75
-68.62
17650.25
48062.12
86455.12
126966.00
163463.50
190466.50
203958.25
201974.38
184881.12
155303.62
117715.75
77757.00
41380.12
13957.62
-519.25
-27.62
15197.12
42712.75
78251.75
116373.38
151288.38
177729.50
191737.88
191249.50
176391.38
149448.75
114507.00
76827.25
42047.62
15334.12
606.25
-42.38
13351.12
38637.75
71894.38
108023.38
141526.75
167336.75
181575.12
182129.00
168959.75
144095.25
111312.75
75559.88
42202.00
16212.75
1426.25
-33.50
11936.50
35415.12
66758.25
101156.38
133367.62
158510.38
172795.62
174094.62
162248.88
139084.12
108123.75
74048.38
41983.12
16722.38
2007.38
-31.75
10810.50
32794.25
62506.88
95387.88
126421.88
150899.00
165124.88
166972.12
156194.38
134453.62
105059.38
72460.62
41568.25
17010.12
2434.38
-37.38
9876.62
30585.75
58875.88
90403.00
120355.88
144185.00
158288.50
160553.12
150665.50
130151.12
102135.25
70862.12
41048.50
17168.38
2776.62
-23.00
9110.25
28710.62
55736.50
86037.00
114986.00
138182.88
152117.62
154698.50
145560.88
126114.38
99323.38
69248.38
40430.75
17199.62
3019.62
-29.25
8439.00
27065.62
52960.50
82146.88
110167.25
132759.50
146503.88
149333.38
140843.62
122345.38
96658.12
67679.00
39786.12
17174.50
3221.62
-20.62
7869.38
25625.75
50493.75
78654.25
105805.00
127815.00
141349.25
144370.75
136443.25
118790.38
94104.38
66131.25
39100.00
17079.38
3362.75
-28.12
7356.38
24331.88
48265.88
75482.25
101822.75
123278.88
136598.00
139773.75
132344.75
115458.25
91690.12
64648.88
38424.75
16968.12
3491.12
-15.38
6920.38
23186.12
46259.75
72597.62
98175.25
119098.75
132195.00
135489.50
128500.75
112308.12
89382.12
63204.12
37735.62
16815.25
3578.25
-17.12
6518.75
22138.00
44419.88
69942.50
94805.38
115223.12
128098.25
131488.12
124895.25
109338.12
87189.75
61814.38
37052.88
16639.12
3634.12
-35.62
6134.00
21153.50
42695.25
67450.75
91636.88
111570.25
124226.00
127693.62
121463.12
106497.12
85079.50
60464.88
36380.62
16461.12
3696.12
-20.38
5827.12
20301.38
41160.38
65201.38
88750.62
108221.12
120657.62
124181.88
118273.38
103845.00
83098.12
59185.50
35728.88
16269.00
3727.88
-31.38
5515.88
19481.25
39702.50
63075.88
86030.50
105071.00
117307.75
120893.25
115298.12
101387.50
81285.38
58046.88
35193.12
16174.12
3846.62
42.38
5293.75
18756.75
38345.25
61049.75
83398.50
101985.25
113986.38
117586.50
112251.88
98806.12
79301.62
56703.25
34436.50
15865.25
3782.00
-14.38
5011.75
18056.00
37098.75
59217.75
81032.38
99219.38
111016.50
114640.00
109552.50
96540.25
77589.62
55582.12
33854.50
15690.00
3821.25
16.88
4815.88
17449.75
35963.25
57514.88
78810.62
96605.50
108196.00
111828.25
106961.75
94347.88
75911.50
54455.25
33231.62
15448.38
3781.25
-30.62
4554.88
16803.38
34820.00
55839.88
76651.00
94082.50
105486.25
109136.88
104491.25
92267.12
74330.38
53408.62
32674.12
15261.75
3792.25
-23.00
4360.12
16239.88
33778.38
54284.25
74624.00
91698.38
102913.00
106570.75
102126.88
90268.00
72804.38
52392.25
32127.50
15074.75
3802.00
-7.50
4191.62
15727.12
32815.00
52833.75
72724.00
89455.12
100484.62
104143.12
99884.88
88368.25
71351.38
51422.50
31605.12
14896.50
3814.38
14.25
4041.75
15252.25
31912.25
51465.88
70924.50
87322.75
98168.25
101817.88
97726.50
86525.62
69924.62
50447.88
31050.00
14665.25
3762.38
-28.88
3837.00
14741.38
30998.75
50115.25
69170.00
85259.00
95937.38
99587.50
95664.12
84773.12
68577.25
49539.38
30548.50
14478.00
3750.12
-30.62
3681.50
14292.25
30162.38
48857.75
67522.25
83311.50
93826.25
97473.88
93709.50
83114.75
67307.25
48691.75
30093.12
14326.12
3768.12
-0.88
3563.50
13891.00
29385.62
47670.62
65952.12
81444.00
91791.12
95425.75
91804.12
81485.62
66045.88
47833.62
29613.25
14142.88
3756.12
8.38
3442.50
13509.75
28654.62
46554.88
64475.25
79684.75
89870.62
93489.12
89997.88
79935.62
64837.88
47001.12
29131.75
13934.62
3702.00
-33.88
3269.00
13082.00
27889.62
45421.00
62997.75
77941.25
87979.62
91591.75
88236.50
78432.25
63675.88
46212.50
28693.00
13770.00
3695.88
-20.12
3162.50
12735.00
27219.12
44394.12
61636.25
76318.12
86207.50
89805.75
86573.38
77010.12
62575.88
45467.50
28282.00
13622.38
3701.38
6.62
3076.50
12420.12
26595.38
43429.00
60349.62
74778.50
84521.88
88102.50
84983.62
75647.00
61517.62
44745.50
27877.00
13466.62
3690.12
13.25
2972.62
12094.75
25971.38
42475.12
59084.88
73268.75
82870.12
86433.25
83423.00
74304.62
60469.75
44023.75
27463.75
13298.12
3666.25
12.88
2872.25
11787.00
25381.25
41571.12
57883.50
71831.62
81294.38
84836.38
81925.00
73009.88
59450.88
43311.00
27040.50
13104.12
3606.50
-27.00
2735.38
11452.25
24778.88
40673.38
56708.25
70440.00
79781.12
83315.25
80512.00
71804.38
58521.75
42685.38
26699.88
12987.62
3619.25
1.25
2663.38
11179.75
24236.12
39831.62
55583.38
69090.75
78299.25
81812.00
79100.75
70584.00
57561.62
42015.25
26305.62
12813.38
3576.62
-16.62
2560.38
10896.12
23705.25
39025.00
54516.00
67817.50
76906.62
80405.00
77786.75
69456.00
56684.25
41415.25
25967.75
12682.62
3567.38
-8.25
2480.75
10636.88
23202.75
38253.25
53490.00
66591.38
75564.75
79048.88
76519.38
68366.38
55833.62
40827.00
25624.88
12529.25
3518.25
-55.75
2331.12
10296.12
22609.62
37384.50
52363.25
65263.38
74122.38
77597.00
75164.88
67202.12
54925.25
40203.50
25273.62
12399.50
3527.88
-7.12
2315.12
10124.12
22215.62
36737.75
51472.75
64175.00
72912.75
76359.88
73997.62
66190.75
54130.75
39652.75
24955.88
12267.75
3506.38
-11.12
2233.50
9880.88
21752.50
36029.50
50531.88
63049.50
71678.75
75110.12
72827.38
65183.50
53345.25
39114.38
24652.88
12152.88
3504.38
8.25
2179.38
9670.62
21326.88
35362.75
49634.12
61966.12
70482.38
73890.88
71677.50
64184.25
52554.75
38558.50
24322.00
12003.62
3465.38
-7.12
2097.50
9443.62
20898.38
34708.25
48764.12
60924.12
69339.00
72731.88
70591.50
63249.25
51825.50
38059.12
24041.50
11898.12
3465.12
11.25
2046.50
9245.00
20496.88
34078.88
47916.38
59900.38
68207.38
71576.75
69500.50
62298.88
51071.38
37526.88
23723.25
11753.50
3429.00
2.50
1980.88
9048.00
20115.50
33488.50
47125.50
58948.38
67158.75
70510.50
68498.12
61432.62
50392.12
37056.75
23451.88
11640.75
3409.38
-3.62
1906.38
8833.12
19709.25
32868.88
46302.12
57961.88
66073.88
69406.75
67458.12
60528.88
49676.62
36553.50
23153.50
11509.25
3382.62
-2.38
1855.50
8659.62
19361.75
32323.62
45566.00
57071.00
65088.00
68400.12
66507.25
59701.75
49021.75
36092.50
22878.12
11382.75
3345.25
-23.88
1774.25
8452.12
18981.25
31749.62
44808.12
56166.75
64097.75
67397.25
65567.88
58892.12
48388.88
35656.88
22630.88
11286.25
3340.00
-10.88
1729.88
8284.00
18642.50
31219.00
44094.00
55305.00
63146.75
66428.62
64655.50
58101.00
47765.25
35221.25
22374.75
11174.12
3313.88
-21.75
1661.25
8093.38
18284.00
30672.88
43368.38
54435.88
62191.50
65458.00
63742.38
57310.12
47142.88
34788.38
22124.25
11072.00
3304.50
-7.50
1627.75
7948.75
17982.62
30193.50
42717.62
53646.38
61317.25
64565.75
62901.25
56581.12
46569.50
34390.00
21893.25
10974.75
3286.62
-12.62
1566.50
7770.88
17645.00
29677.25
42030.88
52823.25
60412.50
63646.38
62037.12
55833.38
45982.50
33984.00
21661.50
10884.88
3285.50
9.25
1542.62
7640.38
17363.62
29224.25
41411.62
52068.25
59573.00
62786.12
61222.38
55123.50
45420.00
33589.12
21428.75
10783.62
3265.50
8.00
1494.75
7487.88
17064.75
28759.38
40786.50
51313.12
58737.50
61932.12
60414.50
54419.12
44860.62
33194.12
21192.50
10676.88
3239.50
2.00
1445.62
7339.12
16775.88
28311.50
40185.00
50586.88
57934.88
61112.50
59640.00
53744.88
44326.25
32818.00
20969.00
10577.00
3215.50
-5.25
1393.88
7188.88
16488.00
27868.12
39592.25
49874.00
57149.00
60312.25
58886.00
53090.62
43810.25
32457.50
20757.25
10485.12
3196.00
-10.50
1342.25
7037.62
16198.88
27424.00
38999.62
49161.75
56364.38
59513.50
58133.62
52438.12
43296.12
32099.38
20549.75
10399.75
3186.88
-1.12
1310.38
6911.38
15939.88
27014.38
38444.62
48489.00
55619.50
58753.25
57417.25
51818.38
42811.50
31768.00
20366.75
10338.62
3202.50
35.00
1308.62
6818.38
15717.00
26642.12
37926.25
47849.12
54900.75
58009.62
56705.25
51189.25
42302.88
31398.62
20134.12
10218.50
3154.12
6.88
1246.25
6673.38
15453.88
26244.50
37398.38
47216.25
54204.12
57301.25
56039.00
50613.12
41851.25
31087.38
19957.25
10150.25
3151.50
17.12
1214.12
6550.00
15203.50
25850.00
36864.12
46566.88
53481.25
56556.50
55326.88
49982.25
41337.62
30708.75
19710.75
10013.00
3084.38
-29.00
1136.88
6395.50
14938.12
25458.00
36349.88
45954.25
52809.88
55875.75
54688.62
49432.25
40909.00
30416.62
19550.38
9959.88
3098.25
1.88
1133.00
6310.12
14737.25
25125.38
35889.25
45388.38
52177.75
55225.62
54071.00
48892.62
40480.25
30114.50
19370.75
9880.12
3080.12
-2.38
1092.62
6189.25
14503.62
24763.88
35403.75
44802.12
51528.25
54560.50
53439.50
48338.75
40035.75
29794.62
19171.62
9779.12
3040.25
-27.38
1034.25
6054.75
14262.62
24402.25
34926.62
44232.50
50904.38
53928.62
52848.25
47830.75
39641.75
29528.12
19027.50
9733.75
3055.62
1.38
1027.50
5969.00
14066.12
24080.25
34483.38
43690.25
50299.75
53307.75
52259.12
47316.12
39232.62
29239.12
18854.50
9655.12
3034.62
-7.25
983.75
5848.00
13837.12
23729.00
34013.62
43123.75
49672.62
52665.12
51648.25
46779.12
38800.50
28926.62
18658.50
9555.12
2995.75
-28.50
934.38
5729.75
13620.38
23399.62
33575.50
42597.62
49093.25
52075.88
51094.25
46300.38
38426.00
28669.75
18515.00
9503.50
3001.25
-9.62
921.38
5644.38
13433.75
23098.00
33162.88
42095.00
48535.25
51505.50
50556.38
45834.88
38061.50
28419.62
18374.88
9452.38
3004.00
3.75
899.88
5548.00
13232.88
22778.88
32729.12
41567.25
47948.12
50902.12
49982.12
45330.88
37657.88
28131.62
18200.75
9373.00
2987.00
7.62
881.12
5466.38
13059.00
22497.50
32341.75
41091.38
47415.12
50351.50
49455.88
44867.00
37284.62
27863.00
18034.50
9291.12
2958.75
-5.88
841.12
5363.38
12865.88
22201.50
31946.00
40614.50
46888.00
49813.25
48947.50
44424.50
36934.25
27616.88
17888.50
9226.25
2942.75
-12.50
802.50
5256.25
12663.75
21892.25
31533.50
40118.50
46341.00
49255.25
48420.75
43966.88
36573.50
27366.50
17746.25
9173.88
2949.38
14.00
807.38
5201.75
12521.88
21648.50
31188.75
39688.88
45855.12
48750.12
47935.38
43536.50
36224.38
27111.62
17583.62
9087.12
2909.75
-14.75
751.62
5085.12
12319.38
21348.62
30795.00
39218.88
45338.62
48224.12
47438.25
43103.00
35879.25
26867.25
17436.75
9020.12
2893.50
-16.75
725.38
5000.25
12151.00
21084.50
30437.75
38785.62
44857.75
47731.12
46970.50
42693.62
35552.50
26633.88
17293.75
8950.12
2867.62
-33.88
680.00
4894.12
11960.75
20799.75
30062.75
38338.88
44368.62
47236.12
46507.38
42295.50
35243.38
26424.50
17180.00
8913.75
2879.38
-10.88
676.62
4830.62
11812.88
20556.38
29727.38
37929.00
43913.50
46771.88
46071.50
41921.38
34954.88
26232.62
17080.75
8889.12
2899.62
17.38
674.12
4762.62
11654.38
20294.62
29364.75
37482.25
43411.12
46250.12
45568.75
41472.50
34586.25
25958.25
16900.62
8789.00
2853.38
-8.00
633.75
4674.75
11494.38
20050.12
29036.62
37084.75
42969.88
45797.38
45139.00
41097.00
34288.00
25748.62
16777.25
8736.62
2846.00
-3.38
615.62
4602.88
11345.50
19812.88
28713.00
36690.00
42529.62
45344.25
44707.12
40717.12
33982.62
25528.62
16640.38
8667.62
2819.50
-19.88
575.50
4508.75
11175.75
19557.00
28374.00
36283.62
42082.25
44888.50
44277.25
40344.00
33688.62
25324.38
16523.50
8622.75
2820.25
-5.88
568.12
4449.12
11040.62
19335.12
28067.25
35906.25
41659.38
44451.88
43860.88
39978.25
33396.12
25117.00
16399.88
8569.00
2812.50
1.38
558.12
4392.12
10914.88
19129.38
27782.75
35556.50
41267.75
44048.12
43476.25
39640.75
33126.50
24924.75
16282.62
8512.38
2792.50
-11.75
520.50
4302.38
10753.25
18887.12
27463.38
35175.50
40850.38
43625.12
43079.50
39298.75
32859.50
24741.88
16180.25
8475.00
2794.75
-1.38
506.50
4235.25
10612.00
18662.12
27157.62
34804.38
40438.62
43204.25
42682.25
38953.88
32588.12
24553.75
16072.88
8433.12
2793.12
5.88
489.50
4164.00
10464.75
18428.00
26838.50
34414.50
40002.62
42753.38
42250.12
38571.00
32277.88
24328.75
15933.38
8367.38
2778.88
14.38
489.25
4126.38
10367.12
18258.00
26595.25
34108.62
39654.50
42389.75
41899.38
38259.75
32025.50
24145.88
15818.62
8309.00
2755.62
-0.75
454.12
4045.38
10221.62
18039.00
26304.88
33760.00
39269.75
41996.38
41526.62
37933.12
31764.12
23958.50
15703.25
8252.00
2735.12
-12.50
421.88
3966.75
10077.75
17821.00
26015.25
33412.12
38886.00
41604.62
41156.00
37609.88
31507.38
23777.25
15595.12
8203.88
2725.00
-12.62
402.88
3902.62
9949.75
17620.00
25743.50
33082.75
38521.00
41231.50
40804.00
37305.00
31268.50
23613.50
15504.38
8173.00
2731.75
4.25
400.50
3854.88
9837.00
17432.38
25482.62
32760.88
38159.38
40857.12
40445.25
36987.75
31012.00
23427.62
15387.88
8114.12
2710.00
-6.62
372.88
3785.75
9707.75
17234.25
25217.00
32440.00
37803.75
40493.12
40100.12
36686.12
30771.88
23257.75
15286.25
8068.62
2699.75
-7.62
353.88
3724.00
9585.62
17043.12
24959.00
32127.50
37457.75
40139.50
39766.38
36396.62
30544.50
23100.62
15197.25
8034.88
2700.00
0.25
341.50
3666.62
9465.00
16850.12
24695.62
31806.12
37099.12
39770.12
39413.88
36086.38
30295.12
22921.88
15088.00
7984.00
2687.75
1.50
329.38
3616.75
9359.38
16679.62
24461.12
31519.00
36778.50
39440.62
39101.62
35814.38
30080.50
22772.75
15002.12
7949.12
2683.25
1.62
307.12
3547.88
9225.75
16472.50
24182.25
31179.75
36399.75
39048.12
38723.00
35475.25
29800.25
22562.12
14861.88
7869.88
2647.75
-13.62
287.38
3500.38
9132.88
16324.88
23979.75
30931.75
36123.12
38764.88
38456.38
35246.25
29624.00
22445.38
14802.50
7856.12
2660.50
2.25
281.50
3451.00
9024.50
16150.50
23742.00
30642.88
35802.88
38437.62
38147.62
34978.50
29413.88
22300.50
14720.50
7825.12
2660.75
9.38
269.38
3396.88
8911.12
15969.75
23495.50
30342.00
35467.00
38091.38
37816.75
34686.62
29178.38
22130.62
14615.38
7774.50
2646.25
7.50
255.00
3347.12
8808.88
15805.75
23270.50
30065.88
35157.50
37771.12
37510.25
34415.88
28959.88
21973.12
14518.12
7727.62
2632.00
3.12
236.88
3293.12
8702.88
15639.38
23044.75
29790.62
34850.25
37454.38
37208.00
34149.88
28746.50
21820.62
14425.75
7685.50
2623.12
5.25
226.50
3248.88
8608.38
15486.38
22833.75
29531.12
34559.00
37152.62
36918.75
33893.88
28539.12
21669.88
14330.50
7636.25
2603.12
-6.50
200.25
3188.00
8498.00
15319.38
22611.50
29263.62
34263.12
36849.88
36631.25
33641.88
28337.00
21524.50
14239.88
7590.00
2583.62
-21.00
168.12
3118.12
8376.00
15138.50
22374.25
28981.12
33953.62
36536.00
36336.88
33387.75
28139.25
21390.50
14168.25
7570.25
2598.12
5.12
182.25
3098.50
8306.12
15009.62
22186.50
28743.38
33682.00
36251.38
36061.62
33142.88
27939.75
21244.88
14076.12
7522.62
2580.25
