-13746944.00
-13397874.00
-12382522.00
-10793026.00
-8771822.00
-6496338.00
-4160162.25
-1952846.50
-40709.50
1449222.00
2440366.00
2911699.50
2896466.50
2474855.50
1761755.88
891250.00
-171.50
-789603.38
-1381042.00
-1714558.38
-1770428.25
-1568003.50
-1159771.50
-621645.75
-40943.12
496255.12
916683.25
1168963.12
1229112.12
1101974.88
818622.00
430304.75
-11.62
-407245.75
-733535.12
-936038.38
-992193.50
-901831.75
-686008.25
-382874.00
-41323.00
286593.62
553337.00
722549.75
773808.75
704872.25
531202.25
282945.75
-82.12
-274613.88
-500393.00
-645945.50
-692845.38
-637916.38
-493122.00
-283248.50
-41793.38
194274.88
390080.38
517909.50
561053.00
515904.00
392060.12
210477.88
13.38
-207095.38
-380103.00
-494263.00
-534316.25
-496470.75
-388629.25
-228881.88
-42531.50
141863.88
296824.25
400000.25
437357.38
405044.00
309695.50
167177.62
-12.12
-166260.88
-306732.75
-401049.75
-436220.12
-408397.00
-323234.75
-194822.38
-43385.50
107872.00
236299.38
323166.88
356375.50
332117.50
255264.62
138452.88
29.50
-138811.12
-257253.75
-337966.62
-369621.75
-348467.38
-278736.00
-171852.62
-44583.25
83578.50
193382.00
268695.75
298862.50
280193.38
216387.62
117844.12
-21.75
-119176.62
-221718.75
-292557.50
-321624.00
-305292.38
-246809.50
-155689.75
-46181.12
64952.88
160986.00
227739.88
255664.38
241194.88
187187.25
102386.12
16.00
-104272.75
-194789.88
-258162.38
-285300.50
-272697.38
-222867.12
-143875.88
-48044.50
49962.12
135374.00
195532.25
221758.38
210597.25
164259.50
90206.38
-46.50
-92715.38
-173851.12
-231434.50
-257153.12
-247597.62
-204703.88
-135389.12
-50443.50
37143.00
114160.00
169163.38
194169.38
185806.75
145760.62
80452.00
12.12
-83289.00
-156911.00
-209930.50
-234659.75
-227757.75
-190677.75
-129386.00
-53410.25
25637.00
95826.38
146707.38
170857.75
164960.12
130248.75
72268.75
-9.62
-75578.25
-143068.50
-192461.00
-216572.62
-212100.38
-180070.25
-125632.25
-57237.62
14666.25
79227.50
126821.62
150480.25
146905.75
116922.00
65303.75
15.62
-69019.88
-131430.88
-177955.88
-201819.50
-199719.50
-172281.12
-123920.50
-62139.38
3632.50
63471.38
108450.88
131966.88
130700.50
105078.38
59167.12
24.50
-63389.00
-121571.62
-165907.12
-189943.25
-190332.38
-167298.25
-124563.12
-68753.38
-8379.25
47458.12
90430.88
114218.25
115429.38
94076.38
53535.62
8.25
-58435.25
-113077.75
-155861.00
-180578.12
-183777.88
-165248.50
-128013.75
-77848.50
-22389.88
30016.75
71565.50
96142.38
100214.38
83324.88
48128.00
-39.50
-53977.38
-105708.12
-147666.25
-173810.50
-180501.62
-167010.75
-135595.88
-91134.75
-40378.25
9066.12
49861.50
76015.62
83747.38
72013.62
42630.00
-24.75
-49683.50
-99125.62
-141240.38
-170064.75
-181634.88
-174537.25
-150086.00
-112096.50
-66304.75
-19516.62
21386.88
50437.00
63423.88
58473.88
36288.62
9.50
-45259.50
-93201.25
-137193.50
-171244.88
-190826.62
-193486.00
-179159.00
-150147.38
-110769.62
-66741.50
-24379.38
10263.25
32206.00
38189.25
27083.12
3.50
-39863.75
-87704.00
-137709.62
-183827.62
-220517.00
-243426.62
-249912.50
-239342.50
-213164.00
-174737.75
-128972.50
-81807.88
-39611.00
-8549.12
5998.75
-56.12
-29132.38
-81740.38
-156393.38
-249662.75
-356367.62
-469880.38
-582532.75
-686104.62
-772368.88
-833675.12
-863535.62
-857182.12
-812049.12
-728137.62
-608213.75
-457801.88
-284945.38
-99727.88
86432.00
261662.50
414633.75
535570.00
617175.88
655373.38
649753.50
603677.88
523994.75
420385.00
304391.75
188232.38
83522.88
58.00
-55207.62
-78854.75
-71279.88
-36529.25
18302.50
84032.25
150590.12
208308.75
249138.88
267634.50
261581.88
232194.12
183850.00
123417.12
59253.00
25.12
-46489.88
-74462.75
-80781.50
-65430.50
-31432.25
15634.38
68468.25
119109.00
160078.38
185436.62
191604.12
177834.88
146279.62
101631.12
50409.62
-6.50
-42460.00
-71050.88
-81976.75
-74058.50
-48879.00
-10518.38
35072.75
80965.50
120278.88
147187.62
157764.75
150537.62
126676.88
89796.50
45394.75
23.25
-39690.00
-68020.88
-80987.38
-76920.25
-56689.75
-23550.75
17359.50
59802.50
97373.50
124454.25
137040.12
133322.38
113936.88
81849.50
41894.38
38.50
-37517.62
-65265.12
-79203.88
-77427.00
-60389.25
-30820.00
6700.50
46441.38
82385.25
109130.75
122695.38
121100.62
104655.00
75889.00
39161.88
-4.50
-35762.50
-62815.38
-77209.38
-76916.00
-62124.25
-35196.12
-298.75
37233.75
71708.12
97929.62
111978.25
111789.62
97452.88
71183.88
36978.12
-0.38
-34203.12
-60533.75
-75111.75
-75847.88
-62748.62
-37901.50
-5149.38
30499.62
63631.25
89244.50
103499.88
104292.62
91558.25
67271.25
35134.88
14.50
-32803.00
-58408.12
-73005.62
-74481.75
-62712.12
-39570.00
-8632.75
25367.50
57262.62
82231.75
96525.62
98025.88
86556.88
63901.12
33519.88
22.00
-31537.88
-56424.12
-70933.88
-72949.75
-62251.75
-40541.12
-11172.00
21361.62
52111.50
76425.12
90645.50
92659.25
82208.62
60919.88
32049.25
-17.62
-30434.00
-54625.88
-68982.88
-71398.38
-61580.75
-41088.50
-13086.38
18142.12
47845.62
71527.25
85621.75
88031.38
78434.75
58327.88
30789.50
7.38
-29359.62
-52888.00
-67058.62
-69783.25
-60715.38
-41293.12
-14514.88
15522.62
44247.38
67308.62
81230.38
83937.38
75059.00
55980.38
29625.00
2.50
-28399.62
-51297.25
-65261.00
-68226.38
-59802.75
-41326.62
-15648.25
13302.88
41120.75
63588.50
77318.38
80260.00
72005.50
53843.12
28556.50
-3.88
-27508.62
-49806.00
-63550.38
-66705.88
-58847.50
-41220.88
-16545.12
11404.62
38373.00
60271.12
73795.38
76923.88
69217.88
51881.75
27573.62
-3.12
-26665.00
-48383.88
-61897.12
-65198.00
-57835.25
-40974.62
-17216.00
9805.62
35976.00
57326.12
70633.50
73906.50
66682.62
50091.38
26677.25
8.75
-25866.25
-47036.50
-60318.38
-63736.88
-56818.62
-40659.25
-17750.38
8403.25
33818.50
54639.62
67722.62
71107.50
64312.88
48402.12
25816.12
-1.25
-25129.00
-45766.25
-58806.12
-62306.00
-55776.38
-40250.50
-18121.12
7226.00
31930.50
52243.12
65095.00
68559.12
62139.75
46840.88
25010.00
-23.75
-24457.62
-44593.38
-57397.62
-60960.00
-54778.00
-39828.75
-18415.38
6187.38
30232.25
50070.25
62703.25
66236.38
60161.38
45429.38
24300.25
-3.12
-23788.12
-43453.50
-56035.75
-59655.00
-53798.38
-39391.12
-18652.50
5245.88
28663.62
48046.50
60463.88
64051.88
58292.25
44086.38
23613.38
-4.12
-23177.38
-42397.00
-54765.12
-58433.12
-52877.50
-38976.00
-18868.88
4370.12
27202.50
46163.75
58388.75
62043.88
56602.00
42917.62
23093.12
154.75
-22409.12
-41178.62
-53321.75
-57021.75
-51749.00
-38337.88
-18854.88
3718.25
25941.00
44437.00
56406.25
60048.50
54833.25
41575.75
22309.50
-26.62
-22036.88
-40385.88
-52304.00
-56006.50
-50960.75
-37963.38
-19015.25
2986.25
24689.38
42798.25
54573.12
58243.75
53275.75
40447.25
21727.00
-28.00
-21509.00
-39459.50
-51168.25
-54880.00
-50058.88
-37465.12
-19036.88
2408.50
23604.25
41331.38
52907.25
56591.12
51845.25
39413.00
21202.25
-8.00
-20991.75
-38567.62
-50080.50
-53803.88
-49198.88
-36992.50
-19063.12
1847.50
22553.62
39909.50
51287.88
54976.62
50435.50
38376.00
20648.38
-42.00
-20547.75
-37758.62
-49073.75
-52794.50
-48380.12
-36526.25
-19056.00
1360.75
21614.25
38628.75
49828.88
53529.38
49188.25
37486.00
20218.38
20.25
-20035.50
-36907.38
-48045.38
-51778.00
-47562.12
-36063.62
-19051.62
872.62
20673.62
37342.75
48355.75
52054.50
47896.12
36532.12
19706.25
-13.12
-19625.75
-36156.12
-47104.62
-50826.50
-46778.88
-35599.75
-19008.50
458.62
19836.12
36179.75
47014.50
50708.75
46719.25
35671.38
19260.38
-8.88
-19204.38
-35413.00
-46183.88
-49897.62
-46011.75
-35138.75
-18950.38
78.88
19049.75
35079.75
45741.38
49427.75
45596.62
34848.38
18831.88
-7.75
-18803.62
-34703.38
-45301.38
-49004.00
-45269.12
-34684.75
-18878.50
-265.75
18317.75
34048.12
44543.00
48220.38
44538.25
34073.50
18431.38
-0.62
-18417.62
-34024.50
-44460.00
-48154.75
-44566.88
-34261.50
-18823.25
-611.25
17599.62
33042.50
43377.62
47047.25
43509.88
33319.88
18040.62
4.38
-18044.38
-33365.75
-43641.62
-47325.75
-43877.50
-33840.50
-18757.62
-934.38
16913.75
32074.25
42250.12
45907.00
42505.25
32578.38
17649.75
-1.12
-17687.00
-32722.12
-42830.00
-46488.38
-43158.25
-33363.88
-18610.00
-1151.25
16353.00
31242.00
41259.38
44894.12
41608.12
31916.12
17304.25
2.50
-17356.25
-32136.25
-42100.50
-45748.62
-42543.00
-32988.62
-18553.38
-1443.00
15736.12
30373.25
40250.38
43877.62
40718.25
31267.38
16975.00
22.62
-17009.50
-31535.00
-41354.88
-44990.12
-41905.00
-32585.25
-18463.25
-1697.12
15158.75
29542.12
39272.75
42882.62
39836.50
30611.88
16624.00
7.75
-16707.38
-30982.75
-40656.75
-44271.62
-41293.75
-32192.12
-18364.88
-1925.12
14622.12
28761.88
38350.00
41939.50
38997.62
29985.38
16284.88
-12.75
-16426.50
-30463.62
-39998.00
-43592.62
-40715.50
-31820.12
-18272.25
-2141.88
14113.62
28023.50
37478.75
41052.25
38213.50
29407.25
15984.38
-6.62
-16131.62
-29941.00
-39343.25
-42920.88
-40144.38
-31450.62
-18174.75
-2345.00
13627.12
27314.12
36641.00
40199.75
37462.00
28857.25
15705.38
14.12
-15827.25
-29412.38
-38683.00
-42240.75
-39558.50
-31058.62
-18046.38
-2509.62
13184.00
26649.00
35843.12
39377.50
36726.50
28305.12
15404.50
-6.38
-15582.00
-28956.12
-38102.62
-41641.75
-39048.62
-30731.50
-17966.88
-2704.88
12729.88
25991.00
35068.00
38590.12
36033.62
27799.38
15150.62
18.38
-15293.25
-28457.38
-37478.62
-40994.88
-38483.88
-30339.62
-17811.25
-2811.75
12374.75
25440.25
34404.00
37912.25
35442.75
27382.75
14967.25
90.62
-14983.25
-27965.62
-36890.25
-40411.88
-38009.12
-30061.25
-17790.12
-3070.88
11853.12
24712.38
33556.12
37048.12
34668.12
26789.50
14620.50
18.62
-14792.75
-27563.25
-36357.00
-39846.88
-37514.38
-29726.62
-17679.38
-3213.12
11468.12
24132.38
32858.50
36327.75
34023.50
26307.00
14361.62
10.75
-14560.50
-27137.75
-35814.38
-39280.50
-37021.00
-29391.38
-17562.75
-3342.12
11103.50
23578.12
32188.75
35634.25
33400.75
25838.50
14107.12
-2.62
-14342.25
-26732.12
-35293.88
-38734.12
-36540.62
-29058.75
-17436.00
-3447.38
10775.38
23070.12
31571.38
34993.88
32827.50
25410.62
13880.50
-3.25
-14127.38
-26345.50
-34805.00
-38228.50
-36107.38
-28774.50
-17355.75
-3595.00
10411.50
22533.38
30931.38
34336.50
32239.75
24970.00
13641.50
-17.25
-13926.50
-25972.50
-34329.00
-37733.88
-35679.75
-28490.12
-17268.00
-3727.38
10069.12
22023.88
30323.25
33712.62
31686.25
24562.12
13432.88
-2.88
-13698.62
-25572.88
-33824.50
-37206.62
-35215.00
-28163.12
-17132.62
-3808.25
9779.88
21565.38
29759.75
33123.62
31154.00
24159.75
13212.25
-17.50
-13515.25
-25229.62
-33384.00
-36746.12
-34814.38
-27892.62
-17042.50
-3920.62
9474.00
21104.88
29207.25
32555.75
30650.00
23788.88
13023.88
-2.12
-13305.50
-24864.75
-32926.38
-36272.38
-34403.38
-27613.50
-16944.50
-4025.38
9175.62
20651.00
28659.38
31989.62
30143.50
23410.75
12823.25
-3.38
-13115.75
-24520.62
-32488.00
-35813.50
-34000.38
-27333.62
-16835.25
-4108.25
8909.00
20237.38
28157.88
31472.75
29686.38
23079.00
12663.38
29.00
-12900.25
-24159.25
-32040.12
-35352.12
-33600.38
-27060.88
-16737.00
-4205.25
8625.12
19802.62
27631.12
30925.88
29193.50
22706.25
12457.62
11.62
-12736.50
-23849.25
-31641.12
-34934.25
-33236.62
-26816.12
-16657.38
-4312.25
8338.38
19370.38
27109.25
30383.38
28702.62
22330.62
12243.50
-19.38
-12590.50
-23558.88
-31260.38
-34530.38
-32879.62
-26568.00
-16563.00
-4392.12
8090.50
18986.75
26642.88
29900.25
28270.88
22010.75
12078.62
-9.50
-12413.38
-23247.25
-30867.38
-34121.62
-32523.38
-26323.88
-16474.12
-4477.88
7837.50
18598.88
26172.88
29413.25
27834.50
21684.62
11905.50
-10.25
-12248.38
-22948.12
-30486.12
-33722.38
-32172.00
-26079.50
-16378.62
-4550.38
7603.75
18235.50
25731.25
28956.88
27429.25
21388.50
11760.25
14.25
-12060.50
-22628.50
-30085.62
-33304.00
-31801.88
-25815.88
-16264.00
-4604.88
7385.12
17881.62
25291.12
28491.12
27001.25
21055.00
11562.88
-27.38
-11951.25
-22395.75
-29776.38
-32976.12
-31516.00
-25625.25
-16206.75
-4697.62
7149.38
17533.00
24877.62
28071.75
26636.88
20798.50
11451.25
21.38
-11750.38
-22074.62
-29384.88
-32575.25
-31167.88
-25385.00
-16113.12
-4767.88
6922.38
17179.88
24447.25
27624.50
26235.12
20497.75
11291.25
20.62
-11597.38
-21796.50
-29028.88
-32199.88
-30834.38
-25147.50
-16011.12
-4820.00
6721.12
16856.88
24048.50
27207.00
25858.50
20214.62
11140.12
19.38
-11454.38
-21536.88
-28698.38
-31855.50
-30535.62
-24947.25
-15947.75
-4911.62
6479.50
16492.38
23606.38
26744.00
25434.00
19882.50
10939.75
-29.50
-11354.00
-21311.88
-28390.62
-31518.75
-30226.50
-24716.88
-15834.12
-4933.75
6323.88
16226.62
23270.75
26389.38
25114.00
19644.62
10818.62
-17.75
-11214.50
-21069.75
-28087.62
-31206.25
-29957.88
-24539.25
-15780.88
-5019.38
6106.12
15903.62
22886.00
25996.12
24767.12
19392.88
10696.75
6.25
-11050.50
-20791.88
-27738.88
-30839.62
-29628.75
-24297.00
-15661.50
-5040.00
5949.12
15634.38
22545.12
25634.12
24437.62
19143.12
10561.50
1.75
-10928.25
-20566.75
-27450.88
-30538.50
-29366.75
-24120.25
-15603.25
-5115.88
5744.38
15325.38
22172.38
25248.25
24091.00
18882.62
10421.12
-2.25
-10800.00
-20330.00
-27145.25
-30213.50
-29074.12
-23906.50
-15502.38
-5144.25
5589.50
15066.50
21847.12
24904.38
23778.12
18645.12
10291.38
-9.38
-10688.50
-20122.50
-26879.62
-29936.75
-28835.00
-23748.12
-15455.50
-5222.75
5391.62
14773.25
21497.88
24547.00
23462.50
18415.38
10178.88
9.75
-10543.25
-19875.12
-26569.38
-29612.12
-28546.25
-23540.38
-15361.38
-5257.50
5231.88
14511.38
21171.62
24203.62
23152.00
18182.12
10055.50
12.12
-10418.12
-19648.88
-26278.50
-29302.75
-28267.12
-23335.00
-15262.00
-5280.62
5088.88
14268.62
20864.25
23876.12
22850.75
17949.12
9921.50
-7.75
-10326.88
-19466.88
-26040.12
-29051.38
-28047.88
-23188.12
-15216.62
-5349.62
4909.88
14001.62
20545.00
23548.75
22561.38
17738.38
9818.38
9.88
-10193.38
-19240.00
-25756.25
-28755.62
-27787.12
-23004.50
-15140.38
-5395.38
4745.62
13740.12
20221.25
23207.00
22248.00
17495.25
9676.50
-15.38
-10104.25
-19055.88
-25510.62
-28490.50
-27547.50
-22830.38
-15061.50
-5426.62
4606.75
13512.50
19937.50
22908.50
21978.12
17292.88
9570.25
-11.88
-9993.88
-18858.00
-25258.00
-28224.00
-27310.12
-22660.62
-14987.50
-5461.75
4465.50
13284.38
19655.00
22611.62
21709.25
17089.75
9459.88
-16.38
-9896.25
-18677.62
-25026.88
-27982.38
-27099.50
-22517.75
-14938.88
-5519.12
4306.88
13044.75
19367.38
22316.88
21449.38
16902.00
9370.88
5.12
-9769.00
-18465.12
-24762.75
-27708.12
-26858.00
-22347.00
-14866.38
-5558.00
4160.38
12810.38
19077.88
22013.12
21174.38
16693.88
9258.12
1.62
-9665.75
-18273.25
-24513.38
-27440.62
-26614.00
-22164.12
-14772.62
-5567.38
4049.62
12615.00
18827.50
21745.12
20928.12
16505.00
9152.62
-8.25
-9582.38
-18114.25
-24308.50
-27226.38
-26429.25
-22043.00
-14739.12
-5632.38
3890.50
12381.38
18550.25
21462.88
20680.38
16326.88
9069.25
14.38
-9458.62
-17908.25
-24052.00
-26958.12
-26189.38
-21867.50
-14654.25
-5650.38
3773.25
12182.62
18300.75
21200.38
20444.38
16152.88
8982.50
27.25
-9349.12
-17720.62
-23816.00
-26711.62
-25971.75
-21713.88
-14590.12
-5687.88
3636.75
11965.00
18031.75
20917.25
20186.50
15955.12
8870.88
14.50
-9265.38
-17557.25
-23601.62
-26482.50
-25765.75
-21565.25
-14523.88
-5716.25
3516.25
11769.25
17789.12
20663.12
19958.38
15786.25
8785.62
23.88
-9164.50
-17382.38
-23381.75
-26253.50
-25565.38
-21426.62
-14471.50
-5761.00
3378.12
11555.88
17530.12
20395.62
19721.12
15614.00
8703.62
44.75
-9043.50
-17178.62
-23124.12
-25979.38
-25314.12
-21234.12
-14364.75
-5754.62
3284.25
11376.25
17291.50
20132.75
19471.25
15411.88
8575.75
5.88
-8992.38
-17050.12
-22943.25
-25778.12
-25127.50
-21094.62
-14297.25
-5772.62
3180.25
11198.88
17064.25
19886.75
19239.62
15224.88
8456.62
-33.38
-8952.62
-16944.50
-22795.12
-25617.62
-24986.50
-21001.75
-14272.88
-5826.25
3051.88
11011.38
16843.38
19664.00
19048.00
15093.62
8406.25
6.25
-8827.00
-16749.88
-22558.88
-25373.12
-24768.38
-20841.12
-14192.62
-5837.50
2951.62
10837.38
16621.50
19426.50
18829.12
14924.12
8308.88
-8.00
-8759.88
-16615.75
-22382.50
-25185.88
-24603.50
-20728.38
-14153.62
-5882.62
2824.62
10643.50
16385.75
19180.62
18606.38
14754.25
8213.62
-17.75
-8686.25
-16473.38
-22196.12
-24986.62
-24424.12
-20598.00
-14094.12
-5904.38
2724.00
10478.38
16181.00
18967.12
18416.62
14617.62
8151.50
4.75
-8581.38
-16301.00
-21981.12
-24760.62
-24220.25
-20446.25
-14016.75
-5912.75
2630.88
10314.25
15969.50
18738.62
18203.50
14449.25
8050.38
-17.25
-8524.88
-16178.12
-21814.12
-24578.00
-24052.38
-20321.25
-13955.12
-5925.25
2545.25
10168.12
15784.50
18542.88
18026.50
14317.12
7982.25
-12.12
-8448.88
-16045.00
-21646.75
-24404.50
-23902.62
-20221.00
-13923.38
-5970.12
2427.38
9991.75
15573.75
18327.00
17836.00
14179.12
7916.25
2.38
-8357.25
-15891.00
-21454.25
-24203.62
-23724.38
-20093.12
-13865.88
-5992.62
2327.38
9828.38
15370.75
18113.62
17643.25
14034.62
7840.25
4.88
-8278.25
-15749.00
-21272.25
-24010.38
-23550.38
-19965.88
-13805.62
-6009.25
2235.50
9674.25
15176.38
17907.62
17455.25
13891.62
7762.00
1.12
-8209.12
-15619.75
-21105.00
-23833.12
-23392.25
-19853.38
-13758.25
-6036.50
2135.25
9514.12
14978.50
17699.12
17265.62
13747.12
7681.75
-5.38
-8143.62
-15495.25
-20943.00
-23661.12
-23239.25
-19745.12
-13713.62
-6065.12
2035.88
9356.50
14784.38
17496.38
17082.88
13610.50
7610.25
-2.25
-8067.50
-15358.62
-20767.50
-23473.88
-23068.50
-19617.00
-13647.00
-6069.25
1962.12
9225.50
14617.38
17319.88
16924.88
13496.00
7558.25
17.12
-7978.88
-15213.12
-20586.50
-23284.00
-22898.50
-19492.12
-13586.25
-6082.38
1876.75
9079.62
14431.75
17120.50
16739.75
13350.62
7471.12
-1.88
-7930.75
-15109.12
-20446.25
-23132.75
-22763.00
-19396.38
-13548.00
-6110.25
1784.50
8934.88
14254.62
16936.25
16575.00
13229.00
7409.88
5.38
-7857.38
-14982.12
-20286.62
-22966.25
-22616.50
-19294.12
-13507.62
-6139.75
1687.38
8783.00
14068.75
16743.00
16401.88
13100.75
7344.50
11.62
-7781.12
-14848.25
-20115.88
-22785.00
-22452.62
-19172.88
-13447.88
-6151.38
1605.12
8641.00
13886.88
16546.25
16217.50
12953.38
7253.38
-13.12
-7739.12
-14749.38
-19978.12
-22631.88
-22309.38
-19062.38
-13387.75
-6150.50
1547.12
8534.38
13749.38
16401.12
16088.75
12862.88
7216.88
11.75
-7655.25
-14618.25
-19819.38
-22469.62
-22169.00
-18967.00
-13353.38
-6185.12
1446.00
8378.50
13558.88
16200.62
15904.88
12719.00
7131.00
-7.25
-7608.25
-14515.88
-19680.00
-22317.25
-22029.00
-18862.12
-13301.00
-6194.00
1376.25
8258.50
13406.12
16038.25
15757.00
12607.75
7072.62
-4.75
-7546.50
-14405.12
-19538.62
-22168.12
-21896.25
-18767.25
-13260.00
-6214.50
1296.50
8130.12
13248.12
15873.75
15610.38
12501.00
7021.50
7.25
-7473.38
-14282.38
-19385.12
-22007.88
-21754.00
-18665.88
-13216.00
-6236.00
1210.75
7991.00
13073.88
15687.88
15437.88
12364.25
6937.50
-15.00
-7434.12
-14191.38
-19259.38
-21869.00
-21625.75
-18569.00
-13166.00
-6240.88
1152.62
7889.62
12946.75
15556.88
15325.88
12292.00
6919.50
27.88
-7333.38
-14044.25
-19085.12
-21691.50
-21469.62
-18456.38
-13113.62
-6256.50
1070.12
7751.12
12770.75
15366.88
15146.88
12146.88
6825.88
-4.62
-7304.38
-13962.62
-18967.12
-21558.38
-21344.62
-18361.38
-13064.50
-6262.25
1009.38
7643.88
12632.75
15218.50
15010.25
12042.00
6767.88
-8.12
-7253.88
-13867.50
-18843.38
-21426.75
-21226.75
-18276.75
-13027.75
-6280.25
938.00
7529.00
12490.75
15070.50
14878.12
11945.38
6721.12
1.62
-7189.88
-13759.38
-18708.38
-21286.38
-21103.62
-18191.25
-12994.50
-6307.00
853.00
7396.00
12326.38
14896.50
14716.88
11817.62
6641.50
