0.00
2656907.50
5112152.00
7184477.00
8731124.00
9661546.00
9945258.00
9612990.00
8751160.00
7490443.50
5989909.50
4418673.00
2937276.75
1680967.12
746742.88
185526.50
150.12
149103.50
555295.25
1118490.88
1729699.12
2285607.00
2701267.50
2919537.00
2916253.50
2700757.50
2311963.75
1810773.62
1270052.75
763650.88
356002.88
93677.38
-82.50
72747.12
286719.25
597850.75
950908.50
1287889.38
1556456.62
1717141.25
1748351.12
1648587.12
1435673.25
1143252.88
815170.38
498633.50
237190.75
64539.62
23.38
46396.62
190090.38
403844.00
651229.88
892340.38
1089773.75
1214029.25
1247554.12
1186897.12
1042715.12
837715.25
602892.62
372676.00
179732.00
50189.38
-14.62
32822.62
140001.25
302079.75
492076.12
679689.12
835887.62
937177.38
968930.75
927309.88
819537.12
662520.25
480077.38
299211.25
146008.50
41780.12
11.38
24550.25
109273.12
239242.50
393147.12
546630.38
675993.38
761713.88
791261.12
760802.25
675577.75
548914.12
400053.50
251148.75
123892.62
36284.38
20.75
18879.12
88319.12
196332.88
325394.12
455190.00
565716.25
640262.38
667846.25
644746.62
574917.12
469247.88
343802.50
217315.62
108336.50
32455.25
21.50
14690.25
72994.12
164990.62
275867.62
388247.75
484837.12
551017.25
576988.50
559157.00
500568.62
410340.50
302191.38
192310.38
96885.50
29678.88
-0.62
11378.38
61133.62
140868.38
237820.38
336847.00
422731.62
482469.25
507183.38
493395.00
443463.62
365145.12
270346.50
173278.75
88288.88
27705.00
14.88
8647.38
51530.75
121481.62
207355.88
295777.12
373176.25
427830.75
451599.12
441093.12
398122.12
329350.25
245229.25
158379.62
81666.38
26264.12
1.88
6232.38
43386.75
105274.62
182073.38
261849.50
332377.00
382976.38
406098.00
398415.75
361272.88
300421.25
225103.12
146621.25
76615.50
25313.25
11.25
4016.00
36197.25
91210.38
160350.12
232896.38
297746.62
345086.75
367847.12
362730.75
330663.50
276605.00
208758.12
137300.25
72834.88
24797.12
51.38
1893.12
29596.00
78565.25
141071.88
207445.75
267546.75
312288.75
334989.00
332342.00
304876.50
256833.00
195488.25
130031.50
70168.38
24662.00
33.12
-391.25
23060.25
66492.12
123064.25
184046.12
240142.50
282888.62
305905.50
305830.38
282785.00
240320.62
184849.62
124658.50
68650.38
25011.12
-3.12
-2978.12
16181.12
54271.62
105305.88
161433.00
214126.88
255462.50
279286.50
282114.12
263616.62
226635.50
176727.00
121307.38
68532.00
26079.62
19.25
-6071.50
8393.38
40953.00
86498.00
138055.50
187836.88
228398.62
253733.50
260140.88
246743.00
215584.50
171295.62
120386.38
70266.38
28151.25
7.25
-10303.88
-1567.62
24641.75
64219.88
111162.00
158456.25
199114.62
227182.38
238587.75
231703.25
207552.38
169625.75
123351.88
75292.62
32194.00
21.88
-16874.12
-16355.38
1233.12
33145.62
74651.75
119724.62
161895.62
195156.38
214778.62
217943.75
204100.25
175004.75
134453.38
87744.75
40956.88
136.25
-29489.88
-44176.88
-42122.38
-23670.62
8754.00
50963.62
97526.12
142415.12
179710.25
204264.38
212269.25
201665.00
172360.50
126260.12
67103.25
150.00
-68252.62
-131180.12
-181672.50
-213274.62
-220538.62
-199467.00
-147870.88
-65626.00
45188.25
180286.75
333323.62
496194.88
659495.38
813121.88
946989.75
1051819.25
1119933.88
1145991.38
1127572.88
1065555.62
964206.00
830958.38
675874.25
510810.50
348369.12
200725.75
78458.62
-10489.88
-61598.50
-74198.75
-51491.75
-137.88
70543.50
149676.38
226104.50
289689.62
332474.75
349565.75
339624.75
304911.88
250874.38
185335.12
117393.50
56179.00
9629.62
-16549.75
-19605.12
-41.00
38524.88
89928.62
146370.38
199535.62
241769.12
267137.38
272234.00
256614.62
222808.62
175906.38
122790.75
71120.62
28220.50
30.00
-9731.12
-69.62
27176.62
67642.75
115105.25
162411.25
202532.50
229588.38
239691.75
231492.88
206346.50
168083.25
122417.88
76089.00
35856.50
7506.62
-4991.25
-51.00
21320.88
55699.25
97771.12
141139.88
179282.38
206516.62
218836.88
214490.62
194220.25
161128.75
120198.50
77533.62
39443.25
11499.38
-2285.12
-42.25
17690.88
48071.88
86394.62
126807.62
163195.25
190094.12
203502.62
201469.25
184367.75
154823.38
117304.62
77440.12
41168.25
13845.00
-552.88
-14.12
15219.00
42704.12
78178.38
116211.62
151028.38
177376.12
191310.62
190778.25
175912.75
149000.00
114120.88
76526.62
41842.50
15220.62
567.38
-34.62
13371.25
38635.62
71839.00
107892.50
141310.38
167037.62
181208.25
181719.62
168538.75
143694.50
110960.75
75276.75
41997.50
16084.38
1360.12
-60.25
11921.25
35382.62
66683.12
101021.25
133165.25
158244.25
172480.50
173752.62
161907.38
138770.38
107861.38
73853.25
41861.38
16668.88
2007.25
-1.50
10843.75
32803.25
62468.12
95285.12
126249.12
150660.75
164835.50
166654.00
155874.00
134157.75
104811.50
72276.62
41454.50
16963.00
2440.25
0.00
9920.25
30609.38
58856.62
90324.88
120211.75
143977.62
158030.25
160263.12
150368.00
129870.62
101893.12
70673.75
40920.75
17098.88
2754.25
-16.38
9123.75
28708.25
55698.25
85949.00
114842.38
137986.25
151879.50
154436.25
145296.00
125868.75
99115.75
69091.88
40330.50
17152.38
3014.38
-10.50
8461.00
27069.38
52927.12
82063.62
110028.88
132569.00
146272.38
149077.50
140583.88
122102.25
96449.88
67517.88
39677.38
17115.12
3201.00
-18.50
7874.62
25614.38
50448.88
78564.12
105665.00
127628.38
141127.00
144128.75
136200.88
118567.25
93917.00
65991.25
39011.75
17039.50
3360.88
-7.88
7379.62
24338.75
48239.75
75411.50
101703.00
123112.75
136395.25
139549.62
132117.62
115246.62
91510.00
64511.25
38334.00
16921.38
3479.00
-8.25
6929.25
23178.38
46220.00
72515.25
98045.88
118925.38
131987.12
135261.62
128270.75
112093.88
89198.75
63062.38
37639.62
16762.50
3559.38
-16.38
6522.00
22126.38
44378.38
69860.62
94679.25
115055.75
127898.62
131270.75
124677.38
109137.50
87021.75
61689.62
36976.50
16608.88
3641.50
-4.00
6173.00
21182.75
42699.25
67418.38
91562.62
111454.88
124076.50
127521.88
121284.00
106326.00
84930.38
60347.62
36299.88
16415.75
3679.00
-20.38
5830.12
20293.12
41128.25
65136.88
88650.25
108087.62
120498.75
124009.50
118102.12
103689.50
82970.75
59094.62
35677.75
16254.38
3741.62
-2.00
5546.00
19496.75
39690.12
63026.62
85940.62
104942.75
117148.88
120715.88
115117.12
101217.88
81140.38
57936.00
35120.38
16138.00
3840.25
54.25
5309.62
18762.62
38327.75
60999.75
83311.75
101863.00
113834.75
117416.50
112076.50
98639.38
79155.38
56586.62
34353.50
15814.75
3757.75
-22.50
5007.25
18041.75
37063.50
59152.88
80934.25
99089.12
110860.00
114467.38
109375.50
96371.25
77439.50
55458.88
33761.38
15625.75
3780.00
-10.50
4791.00
17416.12
35911.62
57438.88
78708.62
96480.50
108055.25
111682.12
106822.62
94227.38
75819.12
54397.00
33208.62
15456.50
3811.75
9.75
4591.25
16821.75
34808.50
55791.00
76561.62
93955.25
105328.88
108961.25
104311.50
92097.38
74183.50
53293.62
32595.62
15218.88
3779.50
-15.88
4374.88
16248.88
33769.62
54249.25
74557.75
91601.12
102789.50
106429.88
101979.75
90126.62
72679.75
52292.38
32056.50
15032.25
3783.38
-10.62
4193.25
15722.25
32793.62
52788.00
72650.12
89353.38
100359.50
104002.25
99738.50
88226.38
71223.38
51315.12
31521.50
14836.00
3772.38
-16.50
4013.00
15216.12
31861.00
51394.00
70830.62
87209.12
98040.75
101685.38
97599.25
86413.50
69836.00
50388.12
31020.25
14662.75
3780.12
-0.25
3865.12
14757.88
30994.62
50084.12
69109.88
85172.38
95830.62
99470.38
95547.88
84669.25
68495.00
49485.75
30525.25
14482.75
3776.62
7.38
3719.00
14317.12
30164.00
48828.12
67457.88
83213.50
93700.00
97328.62
93556.62
82966.62
67175.00
48584.12
30015.38
14279.00
3748.38
-0.50
3574.50
13902.25
29387.00
47654.38
65913.38
81381.38
91707.12
95326.00
91696.38
81378.50
65947.25
47749.75
29547.38
14095.25
3723.25
-15.38
3420.62
13481.75
28613.62
46495.88
64396.25
79587.00
89758.50
93369.50
89879.12
79826.12
64744.88
46929.50
29083.75
13908.75
3693.50
-32.00
3272.50
13078.62
27871.38
45382.62
62937.12
77859.50
87881.12
91483.62
88127.12
78330.62
63589.62
46147.00
28650.88
13750.50
3694.38
-9.88
3175.88
12742.88
27213.38
44369.00
61588.62
76247.88
86117.50
89701.50
86461.62
76898.38
62470.75
45373.50
28201.75
13555.38
3644.88
-44.25
3025.25
12362.88
26526.88
43346.50
60252.50
74668.88
84404.00
87982.88
84868.50
75542.75
61429.12
44675.50
27825.12
13430.12
3663.50
-10.12
2944.75
12055.62
25915.75
42400.38
58991.12
73159.62
82751.25
86312.00
83307.50
74202.12
60386.00
43961.50
27422.62
13274.88
3654.38
4.88
2859.50
11761.75
25337.75
41506.62
57797.88
71728.88
81181.00
84720.38
81815.75
72915.12
59377.00
43261.25
27014.88
13098.50
3614.12
-15.00
2742.00
11444.50
24749.38
40618.00
56626.25
70334.25
79658.00
83183.25
80380.62
71682.75
58417.38
42603.12
26641.25
12950.12
3597.75
-11.88
2649.88
11157.75
24198.88
39775.12
55507.25
68997.75
78195.38
81705.38
79000.62
70499.00
57498.62
41978.25
26294.88
12825.62
3605.12
18.75
2592.25
10914.25
23700.88
38992.62
54453.50
67726.88
76793.38
80277.50
77654.75
69330.00
56573.38
41325.88
25903.25
12642.62
3548.00
-13.75
2480.62
10633.38
23187.50
38220.38
53436.50
66517.38
75473.50
78946.25
76412.88
68264.12
55742.50
40752.38
25569.00
12491.88
3495.75
-68.88
2320.38
10280.38
22582.75
37342.00
52303.75
65187.88
74035.12
77503.88
75073.25
67119.25
54857.12
40154.12
25244.12
12388.12
3529.75
1.25
2322.12
10121.50
22196.88
36698.50
51411.38
64093.12
72814.88
76253.12
73890.00
66090.50
54045.25
39587.12
24912.25
12245.25
3500.88
-5.75
2241.62
9884.00
21743.25
36002.62
50484.88
62982.75
71595.25
75015.62
72729.00
65088.75
53260.62
39044.75
24600.75
12117.75
3483.50
-3.62
2169.88
9656.62
21302.62
35323.50
49578.12
61893.75
70397.12
73797.50
71582.50
64094.00
52475.12
38493.50
24273.12
11970.12
3444.12
-21.50
2083.75
9424.25
20867.75
34662.50
48701.88
60846.12
69248.62
72634.50
70493.38
63156.62
51743.88
37992.62
23991.38
11863.88
3443.88
-1.50
2036.62
9232.50
20477.25
34049.00
47875.38
59849.50
68149.75
71516.88
69443.12
62248.88
51032.00
37499.50
23707.12
11745.62
3424.12
-5.25
1963.50
9015.50
20063.75
33416.12
47033.50
58840.75
67041.62
70391.62
68386.00
61334.75
50314.50
37002.62
23422.12
11632.50
3417.62
14.25
1925.62
8846.50
19710.50
32854.12
46270.50
57915.00
66016.25
69344.62
67398.50
60478.38
49640.62
36535.25
23153.00
11523.88
3407.25
25.38
1878.62
8670.62
19355.12
32295.75
45516.62
57002.75
65006.50
68312.62
66422.25
59627.25
48964.50
36056.75
22865.12
11390.25
3368.38
7.62
1805.62
8474.88
18988.12
31735.75
44771.25
56108.12
64021.50
67310.00
65477.12
58806.25
48314.88
35600.00
22593.12
11267.38
3336.25
-5.25
1737.75
8286.50
18632.88
31192.62
44048.38
55241.12
63067.88
66340.50
64565.00
58015.75
47691.75
35164.25
22336.62
11154.25
3309.50
-16.50
1669.62
8098.00
18278.50
30652.38
43330.75
54381.50
62123.38
65381.25
63663.12
57234.75
47077.12
34736.25
22087.25
11048.88
3291.62
-15.50
1617.38
7929.25
17948.12
30140.12
42643.62
53553.75
61210.25
64451.25
62787.50
56476.50
46481.88
34325.38
21854.88
10962.75
3298.12
16.75
1606.25
7812.50
17680.38
29699.50
42035.12
52807.38
60377.00
63594.50
61974.00
55765.25
45915.50
33923.88
21612.25
10848.50
3261.75
-4.00
1536.12
7636.00
17357.00
29211.38
41390.12
52037.50
59533.88
62741.38
61175.62
55078.88
45381.50
33559.25
21408.75
10773.38
3262.75
9.00
1495.38
7483.62
17051.75
28735.00
40749.75
51265.12
58680.50
61870.50
60352.88
54362.12
44812.25
33156.88
21167.38
10662.62
3233.00
-1.38
1440.38
7327.25
16753.00
28275.12
40134.38
50523.88
57862.62
61036.25
59565.25
53676.88
44269.88
32775.75
20941.75
10562.88
3210.88
-5.62
1391.50
7178.38
16464.25
27827.62
39534.00
49799.50
57061.75
60218.12
58791.50
53002.62
43735.00
32399.38
20718.62
10465.50
3192.75
-2.38
1355.75
7049.75
16203.12
27415.62
38975.62
49121.62
56309.75
59448.50
58063.50
52369.00
43233.88
32048.75
20513.88
10379.88
3181.62
5.50
1324.38
6927.50
15953.00
27019.88
38439.50
48471.75
55590.50
58714.62
57372.12
51770.75
42765.25
31726.00
20331.50
10310.38
3180.62
17.50
1292.25
6800.25
15693.88
26612.12
37888.38
47803.88
54850.00
57956.00
56652.50
51140.50
42261.12
31365.75
20110.12
10202.25
3142.88
-3.25
1233.00
6652.75
15422.38
26199.62
37339.62
47144.62
54122.75
57213.62
55950.38
50528.00
41774.25
31021.62
19904.62
10110.88
3124.00
-1.12
1201.75
6540.00
15192.75
25836.38
36846.62
46545.75
53458.25
56533.75
55307.50
49968.88
41332.25
30712.00
19722.25
10030.75
3105.50
-8.62
1152.88
6403.38
14935.25
25443.25
36323.38
45917.88
52767.12
55830.50
54645.00
49394.00
40878.50
30395.25
19537.25
9952.75
3093.50
-5.00
1119.25
6285.50
14699.12
25072.50
35822.38
45310.50
52093.12
55139.75
53989.62
48820.75
40421.88
30071.62
19343.75
9866.75
3077.00
-0.38
1094.25
6185.62
14490.50
24739.00
35366.75
44754.50
51473.62
54503.62
53385.75
48293.00
40002.38
29776.00
19168.25
9789.50
3061.00
-0.88
1061.25
6077.12
14275.88
24403.50
34915.25
44209.38
50872.00
53890.88
52809.88
47795.75
39613.88
29509.25
19017.75
9731.62
3057.62
3.25
1024.12
5956.25
14040.38
24039.88
34428.50
43623.12
50224.62
53230.12
52184.88
47251.00
39181.50
29204.75
18838.00
9655.12
3048.12
15.00
1009.00
5870.88
13852.75
23734.12
34007.00
43105.75
49646.00
52633.75
51616.75
46752.25
38782.12
28919.50
18663.62
9571.00
3019.62
-1.12
960.25
5749.00
13628.75
23394.38
33555.50
42563.75
49048.38
52024.12
51040.62
46249.75
38382.62
28636.50
18492.75
9491.25
2996.00
-12.00
916.38
5631.62
13408.62
23057.50
33105.50
42021.50
48448.62
51409.88
50457.25
45738.25
37972.62
28342.75
18312.62
9405.25
2971.00
-18.00
885.38
5536.00
13219.00
22759.38
32701.62
41530.50
47902.88
50850.12
49926.38
45274.38
37604.00
28083.00
18158.50
9337.75
2957.75
-17.25
857.88
5442.62
13032.25
22466.38
32306.00
41051.75
47373.00
50309.62
49417.00
44833.50
37258.62
27845.25
18024.75
9288.00
2959.38
-4.62
839.62
5355.75
12850.00
22176.12
31911.50
40572.75
46841.88
49766.62
48904.25
44388.50
36908.38
27602.75
17886.50
9235.00
2959.62
9.00
824.62
5275.00
12676.12
21895.88
31527.38
40103.00
46317.50
49226.38
48388.75
43934.25
36542.00
27337.25
17719.00
9147.50
2922.12
-16.50
771.75
5159.50
12472.62
21593.00
31129.12
39628.25
45797.12
48698.62
47893.50
43506.50
36207.12
27105.88
17586.75
9094.62
2916.50
-14.25
741.00
5059.50
12277.00
21289.50
30721.75
39136.12
45252.25
48140.62
47364.25
43043.75
35838.62
26846.25
17434.38
9032.75
2915.75
8.50
747.00
5012.00
12148.38
21064.88
30401.12
38734.50
44796.50
47665.88
46907.62
42639.38
35511.75
26610.00
17287.38
8959.75
2889.62
-4.75
710.12
4919.12
11975.62
20800.75
30048.38
38309.50
44327.00
47186.12
46454.00
42243.75
35197.75
26388.25
17154.38
8898.62
2872.38
-13.12
675.00
4825.25
11800.25
20534.12
29694.88
37887.00
43864.38
46719.25
46019.62
41874.12
34915.50
26203.38
17062.12
8880.00
2897.25
18.25
674.00
4757.88
11641.50
20272.00
29331.75
37440.12
43362.38
46198.25
45517.25
41425.00
34545.12
25924.88
16874.62
8768.12
2835.12
-28.00
608.25
4640.38
11448.88
19992.62
28968.38
37008.75
42890.12
45719.00
45067.38
41036.75
34242.25
25718.88
16763.38
8735.88
2854.38
9.00
626.75
4607.50
11340.25
19795.12
28683.00
36649.50
42482.00
45294.12
44659.50
40676.62
33952.88
25511.38
16635.62
8673.38
2832.00
-5.38
586.88
4512.25
11167.75
19535.50
28339.25
36237.25
42027.88
44831.00
44221.75
40294.88
33649.38
25296.75
16507.38
8615.62
2818.38
-7.75
561.25
4432.25
11010.50
19290.25
28008.00
35835.62
41581.75
44373.25
43787.12
39914.88
33347.38
25085.00
16384.25
8567.12
2819.50
10.88
563.25
4386.50
10893.25
19088.62
27722.25
35478.38
41176.38
43949.62
43378.12
39550.00
33049.38
24865.75
16243.88
8493.38
2790.00
-2.62
534.75
4315.25
10758.62
18880.25
27441.62
35138.62
40800.00
43565.38
43015.75
39236.25
32803.25
24695.88
16146.75
8453.88
2783.62
-6.12
502.75
4227.00
10594.25
18631.00
27111.00
34742.12
40363.00
43119.00
42592.75
38865.88
32507.12
24484.50
16018.00
8393.75
2768.50
-6.75
485.00
4163.25
10463.12
18421.75
26825.12
34393.25
39974.00
42719.50
42213.88
38535.75
32246.50
24303.75
15915.62
8356.25
2772.62
9.88
482.75
4114.12
10346.12
18226.25
26552.12
34055.50
39594.12
42326.00
41837.00
38203.38
31979.38
24112.62
15799.62
8303.25
2760.88
11.62
468.75
4057.50
10226.88
18034.12
26288.50
33732.38
39233.12
41954.25
41483.25
37893.62
31732.88
23938.75
15696.38
8258.12
2752.50
12.50
450.12
3993.75
10099.12
17833.50
26017.00
33402.88
38867.38
41579.75
41128.75
37584.50
31487.75
23766.38
15594.62
8213.62
2742.88
10.38
426.50
3922.38
9961.25
17619.75
25729.62
33054.75
38480.38
41181.38
40748.00
37247.62
31214.00
23565.62
15465.50
8144.12
2712.12
-8.00
392.62
3847.88
9827.38
17417.50
25460.25
32730.62
38121.62
40813.88
40398.50
36940.50
30966.75
23386.38
15351.75
8083.12
2683.38
-30.50
349.75
3761.38
9681.00
17204.00
25183.88
32405.50
37770.12
40463.25
40076.88
36671.88
30768.12
23264.38
15302.00
8090.25
2723.25
12.62
366.00
3723.50
9569.50
17009.75
24909.12
32063.62
37384.38
40062.38
39691.62
36330.25
30491.38
23064.25
15178.50
8032.62
2711.00
19.50
363.00
3684.00
9472.88
16844.25
24673.62
31767.88
37046.88
39707.62
39346.50
36019.62
30234.50
22871.62
15050.88
7960.62
2676.75
-0.50
331.75
3618.25
9354.38
16663.75
24431.38
31473.75
36718.75
39368.88
39022.00
35732.12
30000.88
22700.75
14941.75
7902.88
2652.38
-14.62
303.62
3554.38
9238.88
16489.25
24199.88
31196.50
36415.00
39062.12
38736.75
35490.12
29817.50
22582.62
14885.62
7896.12
2674.38
10.88
306.25
3510.62
9131.88
16310.62
23951.62
30890.75
36071.38
38705.62
38394.12
35185.00
29568.12
22398.25
14765.88
7830.75
2645.38
-4.75
279.25
3449.88
9020.75
16140.75
23724.25
30615.88
35767.12
38394.50
38099.50
34928.50
29364.75
22255.12
14680.75
7792.00
2634.25
-11.62
252.50
3382.12
8897.00
15954.62
23478.88
30323.75
35448.25
38073.38
37801.50
34675.62
29173.00
22131.38
14621.62
7784.88
2658.25
17.75
260.50
3344.62
8796.00
15781.00
23233.88
30018.50
35101.75
37710.50
37448.62
34357.25
28907.75
21929.75
14484.75
7704.00
2616.62
-6.38
229.75
3285.12
8690.88
15621.12
23019.00
29757.50
34810.88
37411.12
37163.38
34107.00
28708.12
21788.50
14400.62
7667.12
2610.12
-4.38
217.38
3237.75
8593.00
15465.38
22806.75
29498.88
34523.38
37116.50
36885.00
33865.38
28518.38
21658.12
14328.12
7642.00
2614.88
8.00
214.12
3197.88
8501.25
15313.88
22597.00
29241.12
34235.12
36819.12
36601.62
33616.88
28319.88
21517.00
14242.50
7601.88
2602.50
1.50
190.38
3136.00
8385.88
15138.00
22362.00
28957.50
33920.50
36496.38
36294.38
33346.25
28102.25
21360.88
14147.25
7557.88
2592.88
4.62
182.88
3096.62
8298.50
14993.62
22160.50
28707.50
33637.38
36200.50
36007.62
33089.25
27890.00
21201.62
14040.88
7495.75
2560.75
