0.00
2656906.00
5112149.50
7184473.50
8731119.00
9661539.00
9945248.00
9612973.00
8751134.00
7490405.00
5989853.00
4418595.50
2937174.50
1680838.25
746587.88
185348.12
-46.62
148895.88
555085.25
1118288.50
1729513.88
2285447.50
2701141.00
2919446.75
2916201.00
2700741.00
2311978.50
1810813.62
1270110.75
763719.25
356075.12
93749.12
-13.88
72812.50
286783.25
597916.62
950980.25
1287970.75
1556550.38
1717248.00
1748470.00
1648714.38
1435803.75
1143380.38
815288.25
498736.00
237274.00
64602.12
66.88
46425.38
190111.12
403865.25
651260.62
892389.00
1089846.38
1214129.25
1247681.75
1187048.62
1042883.88
837891.62
603066.00
372835.88
179868.62
50296.38
59.00
32863.75
140013.75
302071.12
492056.12
679668.50
835876.50
937184.50
968962.25
927368.62
819622.75
662628.75
480202.75
299345.38
146143.12
41907.62
125.62
24647.12
109351.38
239303.38
393193.50
546666.88
676024.88
761745.50
791296.25
760843.38
675625.50
548967.62
400110.25
251206.38
123947.88
36334.88
64.88
18916.50
88350.38
196359.75
325418.62
455214.25
565741.75
640289.75
667875.25
644775.38
574943.12
469268.25
343814.38
217317.12
108327.00
32436.00
-4.38
14662.38
72970.25
164977.38
275871.00
388272.88
484886.88
551092.38
577086.88
559273.62
500697.00
410472.38
302318.62
192424.88
96981.50
29752.38
49.25
11406.25
61143.25
140865.00
237810.38
336836.50
422725.75
482471.25
507194.88
493415.12
443490.00
365174.12
270374.25
173301.88
88305.38
27714.12
18.25
8648.25
51533.62
121491.75
207378.12
295815.50
373233.00
427905.62
451689.50
441194.75
398228.88
329455.38
245326.25
158463.38
81733.38
26313.50
35.50
6253.75
43401.38
105288.38
182091.88
261876.88
332415.75
383026.62
406157.50
398480.12
361336.50
300478.50
225149.38
146653.25
76633.12
25318.75
9.38
4014.00
36202.75
91231.50
160392.88
232964.50
297840.62
345203.25
367979.50
362870.00
330798.50
276725.50
208854.88
137367.12
72869.88
24802.00
32.50
1860.12
29560.00
78538.25
141064.25
207465.12
267596.50
312367.62
335091.38
332458.00
304994.38
256940.12
195573.38
130086.12
70188.12
24647.88
-9.50
-452.12
22993.75
66434.00
123027.00
184039.88
240173.12
282956.75
306006.75
305956.00
282923.12
240458.00
184974.12
124760.00
68723.38
25055.00
15.88
-2975.38
16179.00
54277.38
105330.88
161485.88
214211.88
255578.75
279428.12
282271.12
263776.25
226784.75
176854.38
121404.75
68596.88
26115.12
33.62
-6064.62
8408.25
40992.00
86575.12
138180.00
188012.12
228621.25
253993.62
260423.25
247029.75
215857.38
171538.62
120588.88
70424.00
28267.88
94.00
-10230.62
-1487.75
24748.12
64369.75
111366.62
158718.50
199429.00
227535.12
238958.00
232067.25
207885.88
169908.75
123571.00
75444.62
32285.88
70.62
-16843.62
-16314.12
1314.12
33290.50
74876.12
120032.00
162277.00
195589.50
215232.25
218380.88
204483.50
175302.50
134645.25
87825.12
40937.12
44.00
-29613.25
-44281.62
-42157.12
-23589.62
8983.38
51355.12
98071.88
143084.75
180454.62
205020.88
212970.75
202250.00
172783.38
126499.25
67168.62
84.62
-68373.62
-131255.38
-181585.25
-212904.88
-219778.25
-198233.88
-146120.88
-63362.88
47909.38
183360.88
336602.75
499500.00
662632.38
815899.50
949237.50
1053404.88
1120774.62
1146062.50
1126909.00
1064246.38
962386.12
828793.75
673544.25
508490.50
346214.25
198856.75
76953.12
-11601.25
-62330.88
-74606.12
-51657.25
-160.12
70563.38
149648.00
225958.00
289383.12
331996.38
348932.75
338877.75
304107.75
250075.75
184601.88
116773.25
55701.88
9304.00
-16735.75
-19682.50
-52.75
38529.25
89901.50
146272.75
199342.00
241470.38
266742.25
271765.50
256107.38
222302.12
175439.62
122396.00
70819.38
28020.50
-75.62
-9761.88
-54.75
27203.00
67646.75
115058.50
162293.88
202336.75
229318.88
239364.00
231130.75
205978.62
167738.12
122119.50
75853.62
35690.75
7405.75
-5041.12
-71.12
21305.38
55663.50
97694.50
141008.62
179091.88
206272.38
218552.50
214186.50
193920.12
160855.75
119972.00
77366.12
39338.50
11452.12
-2288.75
-22.25
17711.38
48069.38
86349.88
126707.12
163034.38
189876.12
203239.88
201179.75
184073.00
154545.75
117063.38
77249.00
41033.50
13765.25
-586.62
-17.25
15228.38
42706.38
78156.50
116153.38
150927.50
177233.88
191134.62
190581.88
175712.00
148811.50
113959.12
76402.00
41759.62
15176.88
554.75
-29.00
13379.50
38630.50
71806.75
107824.00
141201.75
166891.62
181033.25
181528.88
168347.75
143519.12
110814.50
75169.38
41932.62
16060.00
1368.12
-32.38
11953.88
35404.12
66679.88
100983.12
133087.75
158128.38
172332.62
173584.12
161731.50
138601.75
107712.62
73733.62
41775.38
16615.50
1980.62
-11.50
10837.75
32788.00
62432.12
95220.12
126150.88
150530.88
164679.88
166482.75
155699.50
133993.00
104667.75
72162.12
41373.62
16914.75
2419.25
-2.88
9923.88
30607.50
58838.75
90283.12
120142.38
143881.75
157913.00
160133.62
150236.88
129749.50
101792.00
70599.88
40877.38
17084.50
2763.12
6.75
9149.62
28725.12
55695.38
85918.75
114780.75
137893.50
151760.38
154299.12
145151.38
125727.75
98988.75
68986.88
40251.75
17100.38
2985.00
-23.88
8454.12
27059.00
52904.25
82020.88
109962.38
132478.50
146161.12
148952.00
140452.75
121974.50
96333.88
67420.00
39601.12
17060.75
3165.38
-41.38
7856.88
25593.50
50417.50
78516.62
105598.88
127544.12
141027.62
144020.38
136090.75
118463.00
93825.38
65916.88
38956.62
17002.50
3338.00
-22.75
7365.50
24317.88
48205.62
75360.25
101632.88
123025.25
136295.00
139442.75
132011.50
115148.62
91426.12
64445.12
38286.62
16890.62
3460.00
-22.00
6912.88
23152.38
46178.62
72455.38
97967.38
118831.25
131883.25
135156.00
128171.88
112009.88
89136.38
63025.00
37627.62
16772.38
3584.75
15.62
6550.88
22142.38
44373.62
69830.00
94621.12
114972.12
127795.25
131156.00
124561.25
109029.75
86931.12
61622.75
36935.88
16593.88
3647.88
16.50
6199.00
21204.75
42708.75
67409.50
91531.88
111402.50
124005.88
127439.25
121197.25
106243.88
84860.50
60295.50
36269.00
16405.50
3686.25
-1.88
5852.00
20309.88
41132.12
65121.75
88612.88
108027.50
120418.62
123914.88
118000.00
103587.88
82877.25
59015.12
35615.62
16211.12
3715.12
-15.88
5538.88
19490.00
39677.88
63004.25
85905.75
104895.00
117090.88
120651.88
115052.62
101158.75
81091.62
57901.00
35100.12
16130.88
3842.12
59.38
5310.62
18752.25
38300.00
60950.25
83239.00
101768.38
113722.75
117293.50
111950.88
98519.50
79049.12
56499.75
34289.62
15774.12
3737.88
-26.62
5011.88
18047.75
37063.62
59141.38
80907.62
99046.62
110803.75
114401.50
109306.25
96305.50
77383.75
55418.25
33738.62
15621.50
3792.00
12.75
4819.38
17442.12
35928.12
57440.12
78690.50
96441.75
107997.00
111608.25
106738.50
94139.88
75735.00
54322.00
33147.12
15410.62
3781.12
-7.62
4582.62
16817.12
34802.25
55778.38
76539.50
93922.38
105285.75
108910.12
104256.38
92043.25
74135.25
53255.38
32570.75
15208.50
3782.88
-0.75
4397.88
16275.50
33795.25
54269.50
74569.88
91603.62
102782.25
106414.12
101958.12
90101.62
72654.50
52268.88
32036.12
15015.00
3767.75
-26.88
4173.50
15696.12
32758.50
52742.62
72594.62
89289.38
100289.88
103931.25
99670.50
88166.25
71174.88
51280.75
31501.62
14829.88
3777.00
-5.50
4025.12
15224.50
31860.75
51381.88
70805.00
87170.25
97990.88
101628.12
97539.25
86355.75
69784.88
50347.12
30991.38
14645.75
3773.50
0.00
3868.12
14759.12
30989.25
50069.12
69083.25
85134.00
95781.88
99414.25
95488.38
84610.50
68441.50
49440.38
30490.62
14459.25
3763.25
1.88
3718.38
14317.88
30162.50
48822.00
67445.38
83194.25
93674.88
97299.38
93525.62
82936.38
67147.75
48561.12
29996.88
14264.12
3734.88
-15.00
3556.12
13877.38
29354.00
47612.38
65863.12
81325.12
91648.00
95268.00
91643.50
81334.25
65914.25
47728.88
29538.12
14095.12
3728.75
-9.00
3423.12
13476.00
28596.62
46466.38
64355.12
79536.75
89703.88
93316.12
89833.12
79793.38
64730.12
46935.62
29111.00
13955.50
3755.75
39.75
3346.88
13148.50
27930.50
45426.00
62961.50
77864.38
87867.75
91455.50
88088.88
78287.38
63546.62
46108.75
28620.12
13728.38
3680.75
-17.38
3171.88
12738.75
27206.00
44356.12
61569.12
76222.00
86087.25
89669.75
86432.25
76874.75
62456.25
45370.25
28210.00
13574.00
3670.75
-15.38
3052.25
12382.75
26535.25
43340.12
60229.88
74630.62
84352.50
87922.00
84803.38
75479.00
61371.75
44628.50
27791.12
13409.62
3655.38
-9.12
2950.88
12062.00
25917.50
42393.38
58972.88
73129.00
82708.88
86260.25
83249.88
74142.75
60329.12
43910.62
27380.62
13242.88
3632.25
-9.12
2850.88
11755.38
25330.12
41494.75
57780.38
71704.75
81150.88
84686.25
81779.88
72880.88
59347.50
43239.00
27001.00
13093.62
3617.12
-6.00
2753.88
11456.25
24758.00
40620.88
56622.12
70323.25
79640.75
83162.12
80358.12
71662.38
58402.00
42595.00
26641.50
12958.75
3613.25
8.00
2670.75
11175.75
24210.62
39777.38
55497.75
68976.00
78161.75
81661.62
78949.12
70443.12
57441.50
41923.00
26243.62
12779.62
3565.12
-15.62
2562.50
10887.75
23676.62
38969.62
54431.25
67705.75
76774.38
80262.00
77644.38
69326.12
56577.00
41337.12
25921.25
12665.75
3573.62
11.00
2501.00
10646.00
23190.12
38211.12
53414.75
66484.12
75430.75
78897.00
76360.50
68212.00
55693.88
40709.50
25533.25
12463.38
3473.62
-86.50
2304.75
10264.38
22564.00
37318.88
52275.62
65154.75
73998.00
77464.38
75033.25
67080.75
54821.62
40122.00
25215.50
12362.00
3504.38
-25.62
2291.62
10085.50
22154.38
36649.12
51356.25
64034.38
72755.25
76195.88
73838.75
66048.00
54013.12
39566.00
24901.25
12242.12
3502.12
-4.38
2239.00
9873.50
21721.75
35968.75
50438.75
62926.38
71531.88
74949.75
72665.50
65032.00
53214.75
39012.12
24582.12
12112.62
3489.00
8.62
2184.50
9668.75
21307.88
35319.00
49562.00
61866.25
70359.88
73753.62
71535.88
64048.75
52435.12
38461.62
24251.00
11958.00
3440.25
-19.75
2087.38
9425.88
20863.62
34649.88
48678.62
60812.38
69205.50
72584.50
70439.88
63103.38
51694.62
37950.00
23957.62
11839.00
3427.12
-12.38
2028.50
9223.88
20464.88
34030.38
47849.00
59815.50
68109.38
71472.75
69398.75
62208.12
50998.88
37476.75
23696.62
11748.12
3438.38
18.25
1992.62
9046.00
20091.12
33436.38
47043.50
58838.75
67027.12
70366.00
68351.25
61294.25
50271.75
36961.38
23385.12
11602.25
3394.88
-1.00
1916.75
8841.88
19707.75
32850.75
46264.25
57904.00
65999.88
69322.38
67371.12
60447.12
49607.12
36500.75
23119.25
11491.88
3377.38
-2.25
1852.75
8645.88
19330.62
32271.00
45491.00
56976.38
64979.88
68286.25
66397.25
59604.75
48945.25
36041.38
22853.88
11382.75
3363.88
4.88
1803.50
8472.00
18983.62
31729.12
44762.38
56097.62
64010.12
67298.75
65467.38
58798.62
48310.12
35597.75
22592.88
11267.38
3334.88
-10.38
1726.88
8268.50
18606.62
31158.12
44006.38
55193.50
63017.12
66289.62
64516.88
57972.88
47656.38
35137.25
22317.88
11142.50
3302.38
-21.62
1663.38
8087.62
18261.50
30627.38
43297.38
54340.62
62077.00
65331.88
63614.25
57189.62
47038.75
34706.75
22068.00
11040.00
3292.12
-7.75
1630.00
7944.00
17962.00
30150.75
42649.62
53553.88
61204.62
64440.25
62772.25
56458.25
46461.88
34304.38
21833.38
10940.38
3274.50
-9.12
1577.00
7779.00
17642.12
29656.75
41988.75
52759.00
60328.88
63549.00
61933.38
55731.75
45890.50
33907.62
21604.25
10847.12
3264.38
-0.62
1537.25
7631.75
17344.88
29190.25
41359.62
51998.75
59488.88
62693.00
61127.25
55033.75
45342.38
33528.12
21386.62
10759.50
3255.75
6.00
1493.25
7479.12
17041.38
28716.25
40721.00
51226.00
58632.12
61814.38
60292.00
54299.75
44751.88
33101.62
21119.75
10624.25
3204.62
-19.88
1430.62
7324.75
16755.75
28281.00
40141.88
50531.50
57869.25
61041.38
59569.00
53679.25
44271.00
32776.12
20941.25
10561.50
3208.38
-9.62
1385.75
7170.62
16454.50
27816.50
39522.12
49787.75
57051.50
60210.25
58787.12
53002.12
43738.25
32405.62
20726.75
10473.75
3199.12
0.12
1352.62
7039.62
16186.00
27391.75
38946.12
49088.38
56275.12
59414.75
58032.62
52342.50
43212.00
32031.25
20498.88
10365.00
3163.88
-18.50
1291.25
6883.12
15896.25
26951.00
38360.00
48384.62
55499.62
58624.62
57287.50
51695.62
42702.88
31678.50
20299.25
10292.38
3174.25
19.50
1298.62
6806.88
15697.00
26609.12
37877.25
47784.50
54822.75
57922.88
56615.88
51103.12
42225.75
31334.38
20084.38
10182.75
3129.25
-11.62
1228.12
6650.25
15420.62
26197.88
37337.50
47142.50
54121.12
57214.12
55954.00
50536.12
41787.38
31039.62
19926.62
10135.00
3148.00
20.25
1217.38
6547.50
15190.50
25823.50
36823.25
46513.62
53419.38
56491.38
55265.00
49929.12
41297.88
30685.00
19703.25
10019.25
3099.88
-10.38
1152.12
6401.00
14928.88
25431.12
36305.12
45893.88
52738.50
55799.50
54614.12
49366.12
40856.25
30380.12
19530.38
9954.12
3102.00
8.88
1136.12
6302.75
14714.12
25083.25
35827.50
45309.38
52085.75
55127.00
53972.88
48801.38
40401.25
30051.00
19323.88
9847.88
3058.50
-18.88
1075.25
6165.12
14468.62
24715.62
35342.75
44731.12
51452.25
54485.88
53373.12
48286.62
40002.25
29781.62
19178.12
9801.25
3071.75
5.75
1060.62
6067.00
14254.50
24370.75
34871.75
44157.25
50814.50
53832.00
52753.25
47745.50
39572.75
29479.25
18999.50
9724.38
3059.25
10.75
1034.12
5964.62
14043.75
24035.62
34414.88
43599.62
50191.75
53189.50
52138.75
47202.00
39131.88
29156.88
18793.12
9614.00
3010.62
-19.88
975.62
5837.62
13818.62
23698.00
33968.75
43066.00
49605.75
52594.62
51580.38
46720.38
38755.62
28899.12
18648.62
9560.38
3011.38
-9.38
949.38
5733.00
13606.00
23363.62
33517.00
42518.75
48999.00
51973.25
50991.38
46205.62
38346.38
28610.12
18477.50
9486.88
3001.38
0.62
933.88
5651.00
13426.88
23072.38
33115.50
42026.00
48447.88
51405.38
50450.75
45731.50
37967.75
28341.50
18315.75
9413.00
2982.62
-4.00
900.25
5549.62
13229.38
22765.25
32701.88
41525.38
47892.62
50836.12
49910.12
45257.75
37588.75
28070.25
18149.25
9331.88
2954.88
-18.25
857.38
5441.12
13028.62
22459.75
32296.00
41038.75
47357.88
50293.50
49401.50
44819.88
37247.88
27838.12
18020.75
9286.62
2959.25
-5.38
836.25
5348.12
12836.88
22156.88
31886.12
40542.38
46808.25
49731.88
48870.75
44358.62
36884.00
27585.12
17875.75
9230.50
2959.75
11.75
827.38
5275.25
12671.62
21885.38
31510.00
40079.00
46287.88
49192.75
48353.88
43900.25
36511.38
27311.62
17699.50
9134.62
2915.00
-18.75
772.62
5161.62
12474.25
21592.50
31125.62
39621.62
45787.75
48687.62
47882.38
43497.12
36200.75
27104.25
17590.50
9104.38
2932.25
6.62
766.00
5087.38
12306.50
21319.62
30751.38
39164.62
45279.12
48165.50
47386.88
43063.75
35855.62
26859.50
17443.25
9036.38
2913.12
-0.75
730.88
4989.25
12120.00
21032.62
30367.12
38701.12
44766.50
47641.25
46890.50
42630.38
35511.00
26616.50
17299.00
8973.88
2903.12
4.75
713.25
4914.00
11961.38
20778.25
30019.12
38276.12
44292.75
47154.88
46428.62
42227.00
35190.62
26390.75
17164.88
8914.25
2889.62
1.75
683.25
4823.88
11787.12
20508.50
29657.75
37841.00
43813.38
46667.50
45971.50
41833.88
34886.12
26186.25
17057.25
8885.38
2909.62
33.38
687.12
4764.50
11638.12
20256.50
29303.75
37401.25
43315.75
46148.25
45469.25
41384.25
34516.25
25911.25
16877.75
8787.88
2868.88
15.88
657.00
4688.12
11489.75
20021.75
28982.25
37005.50
42869.88
45683.62
45020.12
40982.12
34185.12
25664.00
16714.50
8695.88
2824.62
-10.88
615.50
4602.62
11338.38
19794.00
28679.88
36642.75
42471.00
45279.38
44642.50
40659.25
33937.38
25500.12
16630.25
8674.75
2839.75
7.75
603.38
4529.50
11182.38
19545.25
28341.75
36231.25
42013.12
44808.12
44192.75
40262.38
33616.25
25266.25
16481.75
8597.12
2808.00
-9.88
566.38
4443.00
11024.75
19305.25
28021.75
35845.88
41587.38
44373.62
43782.38
39906.00
33335.62
25071.75
16371.25
8555.62
2810.50
5.12
561.00
4387.38
10896.88
19094.88
27730.38
35488.38
41188.12
43963.50
43394.00
39568.25
33070.00
24888.50
16267.75
8517.00
2812.00
15.50
547.00
4319.75
10753.75
18865.12
27416.38
35104.25
40758.50
43519.38
42968.50
39191.38
32764.12
24665.62
16127.25
8446.25
2787.88
8.75
526.12
4256.00
10625.62
18661.38
27137.38
34762.25
40375.25
43123.00
42588.88
38855.38
32491.75
24466.50
15999.75
8377.50
2755.75
-15.00
481.62
4164.62
10468.50
18430.12
26835.00
34403.00
39982.62
42725.75
42217.12
38535.62
32242.88
24297.00
15906.00
8344.50
2759.12
-4.75
467.88
4099.25
10331.88
18212.88
26540.25
34045.12
39585.50
42319.12
41832.00
38199.88
31976.62
24110.00
15796.00
8297.75
2752.62
-0.38
452.38
4036.38
10201.25
18004.62
26256.00
33698.12
39198.50
41920.75
41452.25
37865.88
31708.62
23917.75
15678.12
8241.12
2735.25
-6.50
428.00
3967.25
10067.50
17796.75
25975.75
33358.62
38821.50
41534.12
41085.12
37544.62
31452.75
23736.75
15570.12
8193.38
2725.88
-5.12
411.38
3906.25
9943.38
17600.00
25708.38
33033.25
38460.00
41163.88
40735.12
37240.88
31214.00
23572.25
15478.12
8161.12
2731.50
11.00
409.12
3859.75
9833.38
17416.88
25453.62
32719.25
38107.88
40800.38
40388.50
36936.25
30970.38
23399.00
15373.25
8112.12
2717.25
5.12
383.00
3788.50
9697.88
17208.25
25173.62
32380.12
37730.88
40412.12
40017.25
36607.88
30703.88
23203.88
15248.75
8047.00
2691.12
-7.50
356.88
3723.75
9576.62
17021.12
24921.75
32075.25
37392.50
40065.50
39689.00
36321.50
30476.75
23044.38
15154.62
8005.88
2682.75
-8.88
335.62
3659.12
9451.00
16826.38
24660.50
31760.12
37044.50
39710.75
39354.50
36032.00
30250.00
22888.75
15067.75
7975.38
2687.62
4.88
330.38
3609.75
9339.25
16642.88
24406.50
31447.25
36693.25
39347.00
39006.00
35723.75
30001.12
22709.62
14958.50
7925.50
2678.25
11.75
327.25
3572.62
9249.75
16491.00
24192.25
31180.12
36391.12
39032.62
38704.00
35456.38
29784.62
22552.12
14858.38
7871.88
2652.38
-9.75
285.50
3488.50
9107.25
16283.12
23921.50
30858.88
36039.12
38675.00
38366.62
35162.75
29552.00
22389.00
14763.00
7833.12
2651.12
1.62
283.88
3450.12
9014.62
16127.00
23702.62
30587.25
35733.00
38357.50
38062.50
34894.25
29335.75
22233.62
14667.50
7787.00
2636.38
-4.38
262.25
3391.25
8902.50
15954.00
23470.25
30306.62
35422.25
38039.62
37761.88
34632.62
29129.00
22088.88
14582.75
7751.12
2630.38
-4.12
244.12
3332.62
8787.12
15774.12
23228.00
30012.62
35095.88
37704.75
37443.38
34353.38
28905.88
21930.75
14488.75
7711.38
2627.12
6.50
244.38
3300.50
8706.38
15636.00
23033.00
29770.62
34823.38
37423.38
37176.12
34120.38
28722.25
21803.12
14415.12
7680.25
2620.25
1.00
216.50
3229.12
8576.00
15439.62
22773.12
29458.75
34478.88
37070.25
36839.62
33823.38
28482.12
21628.88
14306.62
7627.75
2606.38
3.38
211.00
3193.25
8492.88
15299.75
22575.88
29212.75
34199.75
36778.88
36558.12
33572.88
28277.88
21479.38
14211.12
7577.88
2586.12
-7.88
187.00
3136.75
8389.00
15141.38
22364.00
28956.88
33916.38
36488.25
36282.62
33331.50
28085.12
21342.12
14127.62
7537.75
2572.50
-16.00
161.88
3074.88
8275.75
14970.12
22136.62
28683.38
33614.12
36179.12
35989.25
33074.75
27879.75
21196.12
14039.75
7498.25
2565.62
