-13747394.00
-13398304.00
-12382895.00
-10793311.00
-8771996.00
-6496391.00
-4160095.50
-1952671.50
-40447.12
1449545.38
2440721.50
2912060.75
2896811.00
2475167.50
1762027.75
891481.75
26.50
-789429.12
-1380879.50
-1714397.25
-1770261.12
-1567827.62
-1159589.62
-621465.50
-40774.88
496399.50
916793.25
1169031.62
1229136.88
1101959.75
818576.38
430242.62
-73.50
-407290.38
-733547.88
-936009.00
-992118.00
-901712.75
-685854.75
-382700.25
-41145.75
286757.38
553473.25
722648.88
773868.25
704896.62
531202.50
282938.38
-78.62
-274580.88
-500315.50
-645814.00
-692658.25
-637680.00
-492849.88
-282960.75
-41512.62
194525.50
390281.62
518048.25
561124.00
515911.00
392015.75
210401.25
-71.62
-207164.38
-380133.50
-494238.50
-534227.75
-496317.88
-388420.75
-228634.00
-42265.38
142125.00
297058.50
400190.00
437491.75
405120.00
309718.50
167160.25
-52.38
-166304.00
-306759.38
-401043.62
-436170.75
-408300.62
-323094.88
-194648.62
-43191.88
108069.50
236484.88
323327.50
356503.12
332209.38
255324.38
138488.62
52.62
-138788.00
-257218.88
-337911.38
-369542.12
-348364.12
-278614.50
-171722.00
-44454.12
83695.25
193478.12
268766.75
298908.88
280220.62
216405.62
117865.25
15.88
-119110.75
-221616.25
-292415.38
-321445.25
-305085.12
-246587.12
-155468.12
-45976.62
65125.75
161117.62
227825.62
255706.38
241201.50
187171.88
102364.62
4.88
-104259.50
-194742.62
-258077.50
-285181.00
-272552.25
-222709.88
-143722.25
-47910.00
50065.38
135439.38
195559.38
221754.38
210575.38
164237.25
90202.88
-12.75
-92631.12
-173708.88
-231235.25
-256905.75
-247318.62
-204414.38
-135112.62
-50202.00
37332.12
114286.38
169225.50
194174.38
185769.88
145702.12
80395.38
-21.38
-83281.75
-156853.38
-209821.25
-234506.50
-227575.88
-190487.62
-129209.88
-53268.00
25730.75
95865.12
146694.12
170805.38
164888.75
130183.88
72236.62
14.25
-75482.12
-142893.50
-192211.75
-216264.38
-211757.75
-179723.12
-125311.75
-56972.00
14857.00
79333.50
126845.88
150437.75
146821.12
116826.62
65230.62
-6.00
-68968.12
-131295.62
-177740.38
-201539.88
-199402.12
-171959.62
-123629.62
-61910.50
3777.12
63522.00
108412.38
131858.00
130551.88
104927.88
59054.50
-14.50
-63328.62
-121399.75
-165627.62
-189575.62
-189909.12
-166860.38
-124154.12
-68413.00
-8136.62
47588.00
90449.62
114145.00
115297.25
93927.88
53416.38
-40.12
-58381.38
-112904.88
-155570.12
-180187.88
-183321.88
-164769.50
-127557.88
-77457.50
-22094.88
30200.88
71641.88
96132.50
100154.88
83261.62
48109.00
28.12
-53793.38
-105396.00
-147234.38
-173287.12
-179930.50
-166445.00
-135090.00
-90735.25
-40116.62
9179.62
49839.75
75893.75
83578.38
71860.38
42556.12
34.38
-49456.00
-98718.75
-140670.75
-169375.75
-180889.62
-173811.00
-149453.88
-111622.75
-66031.62
-19456.88
21252.62
50160.12
63079.88
58152.75
36081.12
-6.38
-45031.38
-92711.75
-136464.12
-170335.00
-189826.00
-192502.00
-178301.38
-149511.25
-110419.50
-66699.88
-24620.62
9811.62
31655.00
37674.25
26743.88
-36.50
-39517.25
-86936.12
-136546.12
-182355.50
-218875.12
-241788.38
-248461.38
-238245.12
-212542.00
-174645.75
-129382.75
-82606.50
-40605.38
-9488.88
5391.62
-62.00
-28318.00
-79973.50
-153658.12
-246077.50
-352186.88
-465481.00
-578385.00
-682728.50
-770282.38
-833340.50
-865306.62
-861262.12
-818462.88
-736721.25
-618623.50
-469542.50
-297414.75
-112271.00
74460.88
250842.00
405423.62
528273.12
611918.00
652101.00
648251.50
603602.38
524918.50
421848.00
305952.62
189514.38
84248.12
68.00
-55947.00
-80262.88
-73185.88
-38704.00
16109.38
82055.50
149017.50
207258.50
248648.25
267660.25
262012.50
232869.50
184588.00
124040.50
59614.25
26.38
-46886.50
-75232.88
-81845.75
-66668.50
-32703.25
14470.25
67529.75
118477.00
159786.25
185467.12
191894.12
178287.00
146777.62
102057.88
50664.50
6.62
-42719.25
-71570.75
-82706.38
-74917.38
-49769.62
-11341.88
34402.12
80507.88
120060.88
147199.50
157963.25
150853.25
127026.00
90093.62
45565.88
17.00
-39896.12
-68417.38
-81535.00
-77557.50
-57341.75
-24142.38
16893.12
59506.12
97264.75
124522.25
137247.25
133610.25
114235.75
82089.38
42014.88
-1.88
-37735.25
-65649.75
-79720.38
-78020.88
-60995.00
-31371.75
6260.38
46152.50
82264.88
109171.00
122864.88
121350.25
104924.38
76117.38
39296.12
-2.38
-35908.75
-63103.88
-77611.88
-77387.75
-62610.62
-35641.00
-653.25
37004.12
71618.62
97974.12
112130.38
112007.50
97685.38
71378.50
37089.38
-4.88
-34337.62
-60792.50
-75469.88
-76266.00
-63178.62
-38294.00
-5461.00
30299.25
63556.25
89289.50
103642.50
104495.88
91777.50
67460.00
35252.75
32.75
-32897.25
-58610.25
-73294.62
-74823.50
-63064.62
-39890.25
-8883.62
25212.38
57214.50
82285.12
96659.25
98206.75
86744.88
64055.00
33604.25
12.25
-31652.00
-56636.62
-71223.62
-73284.00
-62591.38
-40845.50
-11406.62
21221.25
52076.00
76488.75
90788.38
92850.00
82409.00
61090.75
32156.50
1.62
-30513.38
-54800.12
-69233.62
-71696.50
-61890.25
-41372.50
-13312.25
17997.38
47792.50
71562.00
85727.25
88179.75
78591.88
58458.75
30863.00
1.25
-29454.88
-53069.38
-67309.38
-70076.62
-61018.75
-41572.50
-14740.50
15372.38
44182.12
67325.25
81313.75
84062.25
75194.12
56093.75
29688.00
-5.25
-28487.50
-51462.50
-65488.75
-68492.75
-60078.00
-41580.12
-15852.75
13166.75
41062.12
63604.62
77395.62
80375.62
72131.38
53950.50
28620.25
-2.00
-27576.50
-49940.38
-63737.75
-66924.12
-59070.00
-41420.25
-16697.50
11315.75
38354.25
60318.38
73894.25
77052.12
69349.12
51988.75
27633.25
-6.75
-26738.25
-48522.38
-62086.50
-65416.62
-58056.75
-41172.75
-17368.38
9714.50
35951.88
57364.62
70720.25
74020.25
66797.88
50182.62
26723.00
-5.00
-25944.38
-47173.50
-60499.25
-63939.62
-57017.50
-40828.62
-17868.88
8349.50
33833.75
54717.75
67847.75
71256.88
64459.75
48519.88
25882.50
-1.00
-25200.00
-45902.62
-58992.62
-62519.50
-55989.75
-40436.00
-18255.50
7159.12
31937.75
52320.38
65228.25
68726.62
62314.62
46995.88
25120.62
25.00
-24479.25
-44683.62
-57545.38
-61145.88
-54978.00
-40017.50
-18570.12
6083.25
30187.12
50083.12
62764.00
66327.38
60260.62
45513.50
24348.88
-5.25
-23847.88
-43569.25
-56196.62
-59843.62
-53993.00
-39568.88
-18793.50
5156.25
28632.00
48070.75
60533.75
64150.12
58397.62
44176.62
23669.00
2.62
-23226.00
-42499.25
-54910.75
-58605.62
-53056.62
-39140.50
-19000.12
4285.25
27169.62
46180.25
58444.12
62121.00
56680.38
42976.25
23113.50
124.00
-22496.12
-41318.75
-53503.75
-57227.88
-51957.88
-38526.88
-19004.75
3622.25
25905.62
44460.38
56478.88
60154.12
54951.12
41684.50
22389.38
9.88
-22051.62
-40451.38
-52412.12
-56142.62
-51106.38
-38098.75
-19122.25
2920.88
24672.50
42829.38
54644.00
58340.25
53380.25
40540.75
21792.62
-2.50
-21530.00
-39525.50
-51271.25
-55005.88
-50190.00
-37583.25
-19125.62
2361.12
23603.25
41375.25
52986.88
56692.25
51949.75
39502.25
21259.62
5.38
-21028.25
-38651.88
-50203.75
-53951.62
-49352.88
-37133.25
-19173.38
1780.75
22537.25
39943.25
51364.25
55082.00
50552.75
38486.50
20734.50
6.38
-20545.12
-37803.00
-49159.75
-52911.38
-48513.00
-36659.00
-19173.38
1270.38
21557.62
38606.50
49836.00
53555.88
49221.00
37510.75
20222.25
-5.88
-20096.00
-37000.75
-48164.75
-51911.75
-47696.38
-36183.50
-19144.25
816.50
20657.75
37365.12
48409.00
52126.88
47973.00
36598.75
19750.00
-1.50
-19649.88
-36213.75
-47188.25
-50924.25
-46876.12
-35682.00
-19063.38
439.75
19856.00
36235.50
47097.75
50806.38
46816.25
35752.00
19311.38
3.38
-19234.25
-35482.88
-46285.12
-50017.62
-46135.25
-35249.75
-19035.25
29.62
19040.38
35108.50
45800.00
49504.00
45675.38
34913.62
18869.88
-7.00
-18845.00
-34785.62
-45417.25
-49142.12
-45414.50
-34822.25
-18993.88
-348.75
18272.62
34041.00
44568.00
48267.25
44594.00
34124.25
18464.75
5.75
-18442.88
-34081.00
-44542.50
-48253.62
-44670.12
-34356.88
-18899.38
-660.38
17580.88
33052.75
43410.75
47093.38
43557.25
33356.62
18056.62
-7.00
-18084.75
-33432.00
-43725.75
-47416.62
-43961.75
-33905.25
-18792.12
-932.00
16954.38
32149.00
42349.62
46018.25
42612.62
32666.25
17704.88
12.00
-17720.00
-32799.50
-42944.25
-46627.75
-43308.38
-33509.38
-18737.12
-1249.50
16289.25
31213.12
41260.50
44915.75
41638.38
31941.88
17313.50
-13.62
-17402.50
-32212.88
-42202.75
-45868.00
-42668.62
-33109.12
-18658.38
-1524.75
15681.12
30344.12
40241.75
43881.00
40723.00
31263.00
16952.00
-25.25
-17084.38
-31634.75
-41473.12
-45117.12
-42029.12
-32695.25
-18549.38
-1752.88
15135.38
29548.88
39302.75
42925.62
39880.88
30645.75
16637.25
-6.25
-16751.12
-31054.00
-40749.00
-44375.00
-41396.50
-32282.75
-18433.38
-1965.00
14613.38
28782.00
38392.62
41994.88
39054.62
30032.62
16312.88
-10.12
-16451.38
-30513.75
-40066.50
-43669.62
-40790.38
-31881.38
-18311.12
-2152.88
14131.88
28067.38
37540.88
41121.88
38278.38
29455.75
16006.38
-17.12
-16176.00
-30016.38
-39442.00
-43031.75
-40255.00
-31548.62
-18249.62
-2389.88
13615.00
27332.00
36682.00
40253.50
37516.38
28900.00
15726.12
6.12
-15867.12
-29481.62
-38775.00
-42345.50
-39664.25
-31153.38
-18119.75
-2554.88
13169.88
26663.75
35880.38
39427.50
36777.88
28346.12
15425.38
-12.75
-15618.12
-29019.88
-38187.50
-41738.38
-39145.50
-30817.00
-18031.50
-2741.75
12722.88
26011.62
35109.62
38642.75
36085.38
27838.38
15166.38
3.62
-15341.38
-28537.25
-37584.12
-41116.50
-38609.88
-30457.75
-17911.12
-2885.50
12331.00
25426.25
34414.88
37940.00
35477.50
27413.75
14985.12
88.75
-15008.25
-28012.88
-36955.50
-40487.62
-38086.12
-30130.50
-17843.62
-3103.38
11843.12
24722.75
33581.38
37079.75
34696.62
26805.62
14616.62
-9.75
-14846.12
-27638.25
-36446.62
-39941.25
-37602.75
-29798.50
-17726.50
-3230.25
11481.88
24173.12
32918.88
36397.12
34090.00
26358.88
14389.38
8.00
-14595.50
-27202.38
-35901.62
-39380.00
-37120.50
-29478.88
-17628.00
-3377.88
11100.25
23605.50
32240.62
35701.25
33471.00
25900.50
14150.12
13.88
-14355.75
-26774.88
-35360.62
-38816.38
-36627.75
-29139.62
-17500.75
-3488.75
10761.00
23082.00
31604.75
35041.00
32878.25
25454.50
13908.38
1.62
-14148.50
-26391.75
-34871.75
-38307.75
-36189.12
-28848.50
-17412.62
-3627.88
10405.88
22554.50
30975.38
34395.88
32305.38
25032.38
13692.00
14.88
-13915.50
-25982.25
-34355.62
-37770.75
-35718.62
-28522.50
-17286.88
-3727.75
10088.75
22061.38
30373.25
33767.25
31736.38
24598.50
13447.88
-14.00
-13737.12
-25636.00
-33906.00
-37297.50
-35304.62
-28240.75
-17189.12
-3837.12
9781.38
21596.12
29814.75
33194.62
31231.00
24232.25
13271.38
20.88
-13501.25
-25240.00
-33415.25
-36792.00
-34866.62
-27942.75
-17082.75
-3945.62
9466.88
21114.75
29230.38
32585.50
30678.88
23809.12
13029.00
-16.25
-13340.12
-24917.38
-32991.75
-36342.75
-34469.88
-27667.75
-16979.38
-4036.62
9188.88
20686.12
28710.38
32047.88
30199.38
23454.50
12847.00
-5.00
-13144.62
-24574.75
-32562.12
-35899.75
-34089.12
-27415.62
-16902.50
-4155.38
8883.88
20232.62
28168.62
31491.25
29703.88
23086.50
12653.38
-2.88
-12955.50
-24235.50
-32131.50
-35450.12
-33695.38
-27143.25
-16798.75
-4240.75
8617.50
19820.75
27669.25
30975.50
29244.75
22748.75
12482.88
13.62
-12760.38
-23897.50
-31708.88
-35013.25
-33317.50
-26888.88
-16713.50
-4345.50
8330.75
19387.25
27145.75
30432.00
28753.75
22374.50
12271.75
-13.25
-12609.25
-23601.62
-31322.75
-34604.62
-32956.50
-26637.62
-16616.62
-4423.12
8085.25
19007.12
26684.62
29956.50
28332.62
22068.25
12123.12
14.75
-12413.00
-23271.00
-30912.50
-34181.88
-32590.75
-26389.75
-16530.25
-4517.62
7817.50
18599.38
26191.25
29443.88
27870.50
21717.88
11928.88
-2.38
-12259.00
-22977.25
-30530.88
-33777.25
-32230.38
-26133.88
-16422.38
-4578.38
7593.62
18242.75
25752.38
28985.88
27458.88
21411.25
11769.25
4.88
-12090.62
-22678.38
-30151.38
-33379.50
-31879.38
-25887.12
-16321.62
-4643.38
7368.62
17887.50
25316.25
28530.25
27047.50
21101.00
11601.50
-1.38
-11940.62
-22401.25
-29795.75
-33005.25
-31549.12
-25656.62
-16231.00
-4711.12
7148.00
17543.00
24895.62
28092.88
26655.25
20808.12
11447.50
1.50
-11787.00
-22125.50
-29445.50
-32639.38
-31228.50
-25435.12
-16147.12
-4782.50
6927.75
17202.75
24482.88
27665.75
26274.25
20527.00
11304.12
13.12
-11627.00
-21846.50
-29094.50
-32274.88
-30911.00
-25218.00
-16069.00
-4860.50
6699.62
16853.25
24058.62
27225.00
25877.00
20226.62
11139.12
1.38
-11490.88
-21590.12
-28763.88
-31927.00
-30605.12
-25007.12
-15991.25
-4933.88
6480.38
16515.25
23647.50
26797.12
25491.75
19936.75
10983.50
-1.25
-11344.25
-21320.38
-28414.88
-31553.62
-30265.88
-24753.88
-15862.75
-4949.50
6323.12
16240.62
23296.75
26422.88
25149.25
19675.75
10840.62
-8.38
-11219.25
-21087.38
-28115.00
-31238.12
-29988.50
-24562.88
-15792.50
-5016.00
6125.38
15937.38
22930.38
26045.62
24815.62
19434.25
10726.25
20.38
-11052.50
-20808.38
-27766.25
-30872.50
-29661.00
-24323.00
-15676.12
-5041.12
5962.12
15659.50
22577.88
25669.00
24467.88
19163.12
10566.25
-11.25
-10959.38
-20613.50
-27508.62
-30601.25
-29427.50
-24172.62
-15642.25
-5138.62
5738.38
15333.75
22190.50
25270.12
24109.62
18891.62
10415.38
-25.88
-10841.75
-20387.38
-27213.62
-30286.50
-29144.50
-23967.50
-15548.50
-5172.38
5580.38
15074.62
21868.38
24932.75
23807.25
18668.75
10304.50
-9.38
-10702.12
-20147.62
-26911.88
-29970.50
-28863.88
-23766.75
-15459.75
-5210.88
5418.75
14812.12
21542.50
24590.25
23496.88
18433.88
10176.38
-16.25
-10592.00
-19943.38
-26650.50
-29698.50
-28629.25
-23611.88
-15415.12
-5289.88
5221.50
14520.12
21194.25
24232.75
23178.88
18198.88
10055.38
-8.88
-10461.00
-19711.50
-26355.75
-29387.12
-28350.38
-23408.38
-15318.50
-5315.25
5078.12
14280.75
20895.12
23919.50
22899.00
17994.62
9957.62
14.00
-10321.75
-19477.62
-26063.75
-29082.50
-28080.25
-23215.50
-15233.62
-5352.88
4921.00
14025.62
20577.38
23583.38
22591.12
17756.62
9819.62
-9.12
-10233.12
-19298.00
-25827.50
-28832.88
-27862.50
-23069.75
-15189.12
-5423.00
4740.62
13755.88
20253.50
23248.88
22291.38
17531.75
9698.88
-12.25
-10123.00
-19095.50
-25567.50
-28558.75
-27619.25
-22897.50
-15116.62
-5463.75
4590.50
13517.50
19961.62
22946.50
22023.50
17338.38
9608.62
14.00
-9984.25
-18865.50
-25281.25
-28259.75
-27353.00
-22704.88
-15027.62
-5493.00
4445.88
13277.25
19659.25
22624.62
21726.75
17107.38
9473.62
-9.50
-9897.88
-18687.38
-25043.00
-28001.62
-27118.12
-22531.88
-14945.38
-5516.38
4319.00
13064.25
19391.12
22340.38
21467.88
16911.25
9367.75
-11.88
-9799.38
-18506.12
-24810.00
-27755.88
-26900.12
-22378.38
-14882.75
-5556.88
4178.50
12843.12
19120.62
22060.00
21218.50
16728.88
9278.62
4.25
-9682.12
-18307.38
-24562.12
-27498.62
-26675.62
-22223.62
-14824.88
-5608.88
4020.38
12597.75
18820.00
21744.12
20929.38
16504.88
9147.88
-19.00
-9599.12
-18135.25
-24330.62
-27245.75
-26441.75
-22045.12
-14729.12
-5609.88
3923.62
12421.62
18592.62
21501.62
20710.00
16342.88
9068.50
-3.62
-9492.00
-17953.62
-24103.62
-27010.00
-26235.25
-21902.38
-14674.75
-5655.75
3781.25
12200.12
18322.00
21218.62
20453.38
16147.25
8959.00
-14.62
-9407.50
-17790.50
-23890.75
-26783.38
-26032.88
-21757.88
-14612.88
-5688.00
3657.50
12002.00
18078.00
20964.00
20225.25
15978.25
8872.75
-7.62
-9310.88
-17622.38
-23680.12
-26566.38
-25846.62
-21635.25
-14577.25
-5749.75
3502.75
11772.62
17803.75
20681.50
19972.50
15788.75
8770.88
-10.88
-9219.00
-17453.25
-23463.12
-26337.38
-25643.38
-21491.12
-14516.25
-5783.00
3379.12
11576.38
17564.38
20435.50
19757.75
15639.12
8710.62
29.88
-9080.88
-17235.50
-23195.12
-26056.38
-25388.12
-21296.88
-14409.25
-5776.62
3285.62
11398.50
17328.88
20177.50
19514.25
15443.88
8589.38
-3.88
-9027.25
-17108.50
-23020.00
-25865.62
-25216.62
-21176.12
-14362.75
-5816.12
3161.88
11205.62
17092.62
19930.50
19291.00
15276.00
8499.62
-4.38
-8940.62
-16950.00
-22815.62
-25648.25
-25020.75
-21032.75
-14294.88
-5835.12
3058.25
11032.12
16875.00
19700.88
19083.50
15120.62
8418.50
-0.38
-8854.50
-16797.00
-22621.88
-25446.12
-24844.38
-20912.62
-14252.88
-5881.50
2926.25
10830.25
16629.75
19444.88
18851.38
14943.25
8318.88
-11.25
-8778.62
-16649.50
-22428.12
-25238.62
-24657.12
-20776.38
-14190.62
-5904.88
2818.62
10652.50
16406.38
19207.38
18632.75
14773.88
8221.12
-26.00
-8711.50
-16514.00
-22247.88
-25043.62
-24479.38
-20644.62
-14126.12
-5918.25
2729.25
10501.12
16216.25
19008.12
18455.62
14646.25
8163.00
-5.38
-8615.25
-16357.25
-22055.00
-24845.38
-24307.00
-20526.25
-14081.62
-5956.25
2612.12
10320.50
15997.75
18782.88
18255.88
14500.75
8092.50
8.38
-8520.50
-16196.62
-21854.12
-24635.25
-24120.50
-20392.00
-14020.88
-5978.88
2509.25
10152.50
15789.50
18565.88
18062.88
14361.12
8027.38
28.00
-8418.62
-16027.50
-21642.88
-24413.38
-23921.62
-20246.50
-13951.38
-5997.12
2403.88
9973.12
15559.88
18316.25
17826.00
14167.00
7899.25
-21.12
-8387.75
-15927.50
-21494.75
-24244.50
-23761.88
-20123.38
-13885.88
-6000.62
2331.62
9843.12
15392.50
18138.00
17665.12
14049.25
7843.62
-5.25
-8302.12
-15785.12
-21317.00
-24058.88
-23597.12
-20005.25
-13833.25
-6022.38
2237.62
9690.25
15202.75
17939.25
17486.38
13916.50
7775.50
0.38
-8225.50
-15650.38
-21146.62
-23880.88
-23440.38
-19895.88
-13790.12
-6054.38
2132.75
9525.75
15001.25
17728.25
17295.25
13771.38
7695.50
-5.50
-8159.12
-15525.25
-20984.62
-23709.50
-23288.75
-19790.00
-13748.75
-6086.62
2029.25
9364.25
14803.75
17522.62
17110.62
13633.88
7624.38
-0.88
-8080.50
-15385.50
-20805.50
-23518.38
-23114.62
-19659.00
-13680.50
-6091.12
1953.25
9228.50
14629.25
17335.75
16939.38
13503.62
7554.00
-2.12
-8014.00
-15263.00
-20647.62
-23351.25
-22965.62
-19552.88
-13635.38
-6115.75
1860.50
9080.12
14445.88
17143.38
16765.62
13372.88
7484.38
-2.00
-7946.12
-15139.75
-20489.75
-23184.75
-22817.88
-19448.12
-13591.50
-6141.12
1768.25
8933.62
14266.00
16956.62
16599.25
13251.62
7426.00
11.25
-7863.50
-15000.50
-20315.00
-23001.00
-22653.12
-19327.62
-13533.62
-6155.25
1683.38
8789.75
14083.62
16761.38
16418.75
13110.62
7343.38
-3.62
-7811.62
-14892.50
-20170.38
-22844.38
-22510.75
-19223.12
-13484.50
-6170.00
1606.62
8662.50
13925.50
16597.75
16275.62
13011.75
7305.62
27.88
-7713.00
-14739.38
-19983.50
-22650.00
-22336.62
-19094.38
-13420.25
-6180.12
1522.38
8514.62
13733.38
16385.75
16070.62
12838.12
7182.75
-33.88
-7712.62
-14685.62
-19893.00
-22545.12
-22240.75
-19029.25
-13401.88
-6216.50
1432.50
8381.88
13575.50
16225.75
15932.12
12742.38
7144.50
-7.50
-7624.62
-14548.12
-19725.75
-22372.25
-22087.50
-18918.00
-13348.75
-6228.88
1357.12
8255.50
13418.00
16061.38
15786.50
12638.50
7099.12
13.25
-7539.88
-14410.88
-19555.75
-22194.12
-21927.38
-18799.00
-13288.38
-6235.88
1284.00
8127.00
13253.12
15884.12
15622.62
12511.00
7025.62
2.88
-7487.75
-14306.12
-19416.38
-22043.12
-21789.25
-18696.50
-13238.25
-6246.88
1212.50
8005.00
13098.12
15718.75
15471.00
12395.12
6961.75
-0.50
-7431.12
-14199.88
-19278.25
-21895.25
-21655.88
-18599.25
-13193.25
-6262.75
1136.75
7879.25
12939.88
15550.25
15316.12
12275.62
6893.88
-8.25
-7379.50
-14098.50
-19143.88
-21749.62
-21522.38
-18498.88
-13142.00
-6268.62
1074.38
7769.88
12799.88
15401.25
15180.38
12173.62
6840.88
-4.88
-7321.00
-13994.50
-19011.25
-21609.75
-21397.38
-18409.25
-13102.25
-6285.88
1002.00
7652.25
12654.50
15249.38
15044.50
12073.75
6791.25
2.50
-7259.00
-13888.75
-18879.62
-21474.62
-21281.62
-18333.50
-13081.62
-6327.12
901.00
7502.62
12474.12
15061.25
14872.62
11939.75
6711.50
-14.88
-7214.50
-13792.12
-18747.50
-21328.88
-21145.75
-18228.38
-13023.25
-6324.75
847.50
7402.25
12342.00
14918.12
14739.88
11837.50
6654.25
