-13746964.00
-13397894.00
-12382543.00
-10793049.00
-8771847.00
-6496368.00
-4160198.75
-1952890.50
-40761.88
1449161.75
2440299.50
2911630.75
2896400.50
2474798.50
1761715.38
891233.50
-156.75
-789552.25
-1380951.12
-1714427.50
-1770259.88
-1567802.50
-1159545.50
-621404.12
-40695.38
496499.88
916916.88
1169180.12
1229309.25
1102151.88
818780.62
430449.12
123.25
-407115.62
-733405.75
-935907.12
-992060.25
-901698.00
-685877.25
-382750.62
-41212.25
286687.62
553411.25
722603.50
773843.75
704892.88
531214.75
282957.75
-62.62
-274580.00
-500339.62
-645870.38
-692749.50
-637803.88
-492999.75
-283125.75
-41680.25
194368.75
390147.50
517944.62
561054.62
515874.38
392005.25
210406.50
-63.75
-207167.38
-380159.38
-494295.75
-534320.25
-496444.62
-388575.25
-228805.62
-42441.12
141958.88
296914.50
400076.88
437414.00
405077.00
309704.00
167163.88
-43.62
-166304.00
-306780.88
-401096.50
-436260.50
-408427.38
-323254.25
-194831.38
-43386.50
107875.62
236303.88
323168.88
356372.50
332108.12
255249.12
138432.62
6.25
-138834.50
-257274.75
-337983.75
-369634.38
-348476.00
-278741.75
-171857.62
-44589.62
83569.12
193368.62
268679.00
298844.38
280177.00
216377.50
117844.50
-6.50
-119143.25
-221666.12
-292486.12
-321537.25
-305195.50
-246709.62
-155594.75
-46098.62
65015.88
161024.88
227752.00
255650.25
241157.62
187132.38
102320.88
-52.25
-104336.25
-194842.62
-258200.12
-285321.38
-272702.00
-222858.12
-143857.00
-48020.75
49986.25
135395.12
195548.62
221769.62
210605.50
164267.88
90218.88
-25.50
-92683.00
-173805.50
-231375.62
-257083.62
-247521.75
-204627.25
-135318.00
-50383.88
37186.50
114184.38
169168.25
194156.75
185780.88
145727.12
80417.75
-17.00
-83307.75
-156916.25
-209921.62
-234638.12
-227727.25
-190643.38
-129353.38
-53384.25
25652.75
95830.62
146701.12
170844.75
164945.62
130239.38
72271.00
9.62
-75539.12
-143009.62
-192385.25
-216486.00
-212011.38
-179988.38
-125566.62
-57196.00
14679.00
79210.00
126777.00
150414.75
146829.12
116845.62
65239.00
-27.50
-69034.38
-131413.50
-177908.38
-201747.50
-199632.50
-172190.75
-123838.75
-62076.88
3667.50
63475.62
108425.38
131917.50
130637.12
105013.62
59114.12
-4.38
-63384.50
-121528.88
-165825.88
-189828.75
-190194.12
-167148.50
-124415.50
-68621.00
-8272.00
47534.25
90474.62
114233.88
115425.25
94064.25
53528.12
17.25
-58400.62
-113012.62
-155765.12
-180456.25
-183639.50
-165105.25
-127878.38
-77732.12
-22300.62
30075.62
71595.75
96151.25
100213.50
83328.38
48150.00
13.75
-53884.62
-105573.38
-147492.75
-173608.12
-180284.62
-166796.25
-135401.62
-90975.88
-40265.00
9130.00
49879.00
75996.88
83707.88
71972.25
42605.88
-15.62
-49630.38
-99024.50
-141096.12
-169889.88
-181447.50
-174359.38
-149939.25
-111999.25
-66269.00
-19545.38
21299.75
50307.38
63274.12
58330.88
36178.38
-45.62
-45245.25
-93113.88
-137041.00
-171045.88
-190609.00
-193282.00
-179000.62
-150061.75
-110774.00
-66839.75
-24560.25
10024.88
31946.62
37952.50
26913.00
-61.75
-39797.88
-87497.38
-137371.88
-183387.50
-220019.25
-242926.25
-249467.50
-239004.88
-212971.62
-174707.25
-129094.75
-82047.00
-39906.88
-8823.75
5831.38
-33.62
-28853.00
-81164.38
-155517.00
-248524.50
-355047.38
-468495.88
-581230.00
-685044.50
-771711.00
-833561.50
-864074.25
-858434.25
-814020.75
-730776.62
-611412.75
-461407.25
-288771.62
-103573.25
82765.38
258351.50
411818.00
533340.75
615570.00
654372.75
649290.88
603647.12
524264.88
420815.38
304848.25
188601.50
83721.38
39.50
-55452.00
-79298.75
-71870.38
-37195.88
17635.62
83435.88
150119.88
207998.62
248998.25
267648.50
261714.88
232396.62
184066.38
123594.12
59347.25
8.75
-46626.25
-74709.50
-81112.62
-65807.75
-31812.25
15294.25
68203.00
118941.75
160016.88
185473.25
191717.00
177992.50
146445.00
101767.88
50486.75
-9.12
-42550.38
-71223.75
-82214.75
-74335.12
-49163.38
-10779.38
34861.50
80821.88
120210.25
147189.50
157822.75
150629.25
126775.75
89876.12
45432.88
5.00
-39769.88
-68158.00
-81167.62
-77123.25
-56891.00
-23727.00
17228.25
59729.12
97361.75
124498.62
137126.88
133431.12
114043.75
81931.62
41932.38
19.62
-37597.62
-65401.50
-79383.50
-77630.62
-60594.12
-31003.38
6558.25
46354.00
82358.75
109162.25
122774.38
121210.75
104775.62
75999.50
39243.88
35.38
-35770.88
-62871.25
-77304.50
-77036.75
-62253.38
-35316.00
-393.62
37174.88
71690.75
97951.88
112032.38
111862.62
97529.00
71246.88
37014.25
-0.88
-34244.12
-60613.00
-75220.50
-75973.25
-62874.88
-38013.00
-5232.50
30454.25
63627.38
89279.25
103565.25
104375.38
91643.12
67342.00
35177.88
20.00
-32839.38
-58484.75
-73115.12
-74612.38
-62849.38
-39698.62
-8739.38
25292.50
57224.25
82229.12
96552.38
98071.88
86609.12
63946.00
33545.50
19.50
-31572.50
-56489.75
-71024.38
-73055.00
-62359.38
-40638.00
-11246.62
21317.38
52102.00
76448.88
90696.75
92728.38
82283.62
60988.12
32099.50
6.50
-30439.88
-54661.12
-69042.38
-71473.12
-61659.75
-41160.12
-13140.50
18112.62
47844.12
71552.62
85668.38
88090.12
78494.25
58376.75
30817.25
6.62
-29392.25
-52951.62
-67147.75
-69889.12
-60826.75
-41398.25
-14603.38
15459.00
44212.88
67303.38
81250.25
83975.00
75104.25
56023.00
29655.00
12.25
-28414.12
-51336.38
-65321.25
-68301.00
-59883.00
-41402.88
-15711.62
13259.12
41100.38
63591.50
77341.88
80297.75
72049.25
53884.38
28587.38
10.50
-27513.88
-49830.75
-63591.50
-66757.38
-58902.12
-41270.75
-16583.12
11383.25
38370.88
60287.25
73826.25
76963.25
69258.62
51916.38
27595.50
1.62
-26679.00
-48415.38
-61942.00
-65249.88
-57886.88
-41018.50
-17246.00
9793.50
35983.12
57350.50
70670.75
73950.25
66725.38
50125.88
26697.75
12.12
-25880.88
-47066.38
-60358.50
-63779.62
-56856.38
-40684.25
-17756.62
8418.62
33855.62
54695.25
67790.12
71178.50
64378.12
48452.50
25844.62
0.88
-25154.25
-45815.62
-58873.62
-62382.88
-55852.62
-40316.12
-18167.62
7204.50
31936.25
52274.88
65147.62
68625.00
62209.25
46904.38
25058.88
3.88
-24454.25
-44613.88
-57438.38
-61014.50
-54837.88
-39885.25
-18460.25
6159.88
30225.12
50083.50
62733.50
66277.38
60205.38
45467.88
24325.50
3.12
-23804.12
-43491.62
-56092.62
-59725.00
-53873.62
-39463.38
-18713.88
5201.38
28640.00
48044.25
60480.88
64083.50
58332.00
44127.00
23648.25
19.50
-23168.38
-42403.12
-54784.75
-58462.00
-52910.50
-39007.00
-18892.62
4357.25
27202.25
46175.38
58409.00
62067.50
56622.88
42929.50
23090.75
134.50
-22448.12
-41234.50
-53390.12
-57095.75
-51820.88
-38399.50
-18899.12
3696.75
25944.62
44465.25
56455.75
60113.25
54905.50
41647.38
22372.75
22.25
-22006.25
-40374.38
-52309.50
-56024.62
-50985.25
-37987.25
-19031.75
2982.12
24700.75
42825.75
54614.38
58294.25
53329.12
40496.38
21765.25
-6.00
-21506.88
-39477.88
-51205.00
-54931.00
-50117.62
-37524.62
-19089.88
2368.12
23580.75
41326.75
52921.00
56620.25
51885.00
39457.62
21245.75
29.00
-20965.25
-38553.38
-50078.12
-53811.25
-49212.12
-37006.62
-19073.25
1845.75
22563.00
39931.38
51321.50
55019.25
50483.38
38424.12
20691.75
-7.62
-20525.62
-37750.25
-49079.00
-52811.75
-48406.25
-36557.88
-19089.00
1329.50
21587.00
38606.50
49811.12
53514.75
49174.50
37470.50
20198.62
-4.88
-20066.62
-36943.12
-48083.62
-51815.25
-47594.75
-36087.75
-19064.12
873.50
20687.88
37369.00
48390.88
52093.88
47934.88
36565.12
19729.25
-3.38
-19630.50
-36174.50
-47134.25
-50863.38
-46818.00
-35636.00
-19037.38
440.75
19830.75
36187.12
47032.62
50734.00
46747.38
35697.50
19280.12
1.12
-19206.00
-35426.38
-46207.25
-49928.12
-46044.88
-35170.00
-18975.62
63.12
19045.38
35087.50
45759.62
49454.25
45627.50
34879.62
18859.75
13.62
-18790.88
-34699.75
-45306.12
-49015.38
-45284.38
-34700.88
-18892.62
-276.12
18312.12
34047.25
44545.50
48224.25
44541.00
34072.62
18425.38
-12.62
-18435.12
-34046.00
-44482.88
-48175.62
-44582.12
-34268.38
-18819.25
-595.75
17626.00
33077.25
43417.38
47087.62
43546.50
33348.88
18059.12
11.12
-18048.50
-33378.25
-43658.38
-47341.75
-43887.38
-33839.38
-18741.88
-902.12
16962.00
32135.88
42320.38
45979.88
42573.75
32635.75
17690.38
18.50
-17690.25
-32747.75
-42875.12
-46548.25
-43226.88
-33434.75
-18677.12
-1209.38
16307.12
31210.00
41240.50
44886.25
41607.50
31918.75
17306.12
0.25
-17364.38
-32151.00
-42120.62
-45771.88
-42566.38
-33008.88
-18567.50
-1449.12
15738.75
30383.38
40265.50
43893.88
40731.12
31272.75
16969.00
2.88
-17043.88
-31583.12
-41413.88
-45055.62
-41971.50
-32647.62
-18516.50
-1737.25
15133.75
29532.50
39276.75
42896.62
39855.88
30631.38
16638.62
13.50
-16713.12
-31001.00
-40686.62
-44310.38
-41337.38
-32236.12
-18404.88
-1957.25
14600.88
28752.50
38352.12
41951.25
39016.00
30006.50
16305.12
3.25
-16417.12
-30462.00
-40003.62
-43603.75
-40729.88
-31834.38
-18283.50
-2147.50
14115.25
28032.62
37494.50
41072.75
38235.88
29428.38
16001.12
3.00
-16130.25
-29948.38
-39358.50
-42941.62
-40168.00
-31474.12
-18195.25
-2360.00
13618.75
27312.38
36644.38
40206.12
37468.00
28859.62
15700.88
0.12
-15852.25
-29448.62
-38729.38
-42294.75
-39617.00
-31117.88
-18102.62
-2559.62
13142.88
26618.00
35822.38
39366.25
36723.12
28307.50
15410.38
0.75
-15574.88
-28950.00
-38097.50
-41636.88
-39043.25
-30724.62
-17957.88
-2693.25
12743.25
26005.12
35080.50
38598.62
36035.38
27792.25
15132.88
-11.00
-15333.88
-28507.75
-37536.12
-41056.25
-38545.12
-30397.00
-17861.88
-2853.38
12343.38
25418.88
34391.25
37905.75
35439.75
27380.12
14962.38
81.38
-14998.00
-27985.88
-36915.38
-40440.00
-38038.25
-30089.38
-17815.25
-3092.00
11836.50
24699.75
33546.25
37039.12
34657.88
26776.62
14603.50
-2.62
-14817.75
-27590.25
-36383.75
-39870.62
-37532.38
-29736.75
-17680.38
-3204.50
11485.38
24155.88
32884.62
36353.00
34043.75
26319.12
14363.12
0.75
-14581.50
-27167.62
-35849.75
-39317.00
-37053.75
-29416.12
-17576.38
-3342.38
11117.00
23603.62
32223.50
35673.88
33440.38
25873.38
14133.00
11.50
-14341.38
-26744.00
-35316.50
-38764.00
-36573.62
-29090.38
-17462.25
-3465.12
10767.75
23072.75
31582.75
35011.12
32846.75
25428.25
13892.62
0.25
-14134.00
-26362.12
-34830.38
-38260.12
-36141.38
-28807.00
-17383.25
-3614.25
10402.25
22534.38
30941.88
34353.88
32261.12
24991.75
13660.12
-4.38
-13920.88
-25974.50
-34337.50
-37746.50
-35693.25
-28501.12
-17273.12
-3724.00
10082.62
22047.38
30355.25
33750.50
31726.25
24600.00
13464.25
18.38
-13690.00
-25578.00
-33843.00
-37236.75
-35253.62
-28206.12
-17176.00
-3848.12
9746.88
21541.25
29745.50
33118.75
31156.88
24167.75
13222.62
-7.88
-13509.12
-25228.75
-33389.50
-36758.25
-34832.12
-27914.38
-17066.25
-3944.12
9452.50
21086.75
29193.25
32546.12
30644.38
23786.12
13023.25
-1.88
-13305.38
-24865.00
-32927.25
-36273.50
-34404.00
-27613.00
-16942.00
-4020.38
9183.12
20661.00
28671.00
32001.75
30154.88
23420.12
12829.62
-0.62
-13116.75
-24525.12
-32495.38
-35822.62
-34010.00
-27342.75
-16843.25
-4114.88
8903.25
20231.75
28151.00
31463.12
29672.62
23060.00
12638.50
-1.38
-12935.12
-24197.00
-32078.50
-35388.12
-33631.50
-27085.12
-16752.62
-4211.75
8627.25
19811.88
27645.12
30941.62
29208.12
22716.50
12461.50
8.00
-12747.88
-23867.25
-31663.75
-34958.62
-33259.75
-26834.62
-16668.88
-4314.75
8345.75
19387.12
27133.50
30412.88
28734.12
22360.88
12269.62
0.00
-12579.75
-23557.25
-31267.75
-34545.38
-32900.62
-26592.88
-16589.62
-4418.88
8064.88
18962.88
26620.75
29879.12
28250.38
21989.75
12056.75
-32.50
-12437.00
-23270.38
-30888.75
-34139.62
-32536.00
-26329.88
-16472.62
-4468.88
7852.75
18618.88
26195.12
29434.88
27852.25
21696.00
11908.62
-16.38
-12263.38
-22970.88
-30514.25
-33752.62
-32201.38
-26104.50
-16396.75
-4559.75
7603.62
18243.88
25746.25
28975.88
27448.75
21405.12
11771.38
17.50
-12066.38
-22643.12
-30107.75
-33331.25
-31831.12
-25843.50
-16286.62
-4619.50
7380.38
17888.12
25308.75
28518.75
27036.88
21096.12
11606.25
15.62
-11910.75
-22360.12
-29746.38
-32952.38
-31498.25
-25612.88
-16198.75
-4693.00
7151.50
17533.38
24876.38
28069.38
26633.12
20793.25
11444.62
13.62
-11759.00
-22083.50
-29393.12
-32582.25
-31173.12
-25388.12
-16114.12
-4767.38
6923.38
17179.88
24444.62
27617.75
26223.00
20479.12
11266.38
-10.00
-11632.50
-21834.12
-29066.88
-32236.00
-30866.62
-25174.62
-16032.62
-4836.12
6709.12
16846.88
24038.00
27193.50
25839.62
20189.00
11107.12
-20.50
-11499.00
-21583.38
-28743.00
-31894.25
-30564.62
-24963.25
-15948.62
-4896.38
6510.00
16536.00
23659.75
26802.62
25493.50
19938.38
10988.12
9.00
-11327.25
-21296.38
-28385.12
-31520.75
-30232.75
-24724.12
-15839.00
-4933.62
6330.75
16240.75
23291.75
26416.00
25144.38
19676.62
10850.25
11.88
-11188.00
-21046.50
-28067.50
-31188.25
-29941.12
-24522.50
-15763.38
-5001.00
6125.00
15922.12
22902.12
26008.00
24772.88
19390.75
10685.88
-13.75
-11078.75
-20826.50
-27777.25
-30878.62
-29665.12
-24327.75
-15684.12
-5053.12
5945.62
15639.75
22557.62
25651.25
24456.12
19160.25
10574.62
9.12
-10927.38
-20572.00
-27460.88
-30551.25
-29379.50
-24130.38
-15608.50
-5114.62
5752.75
15340.75
22193.38
25272.62
24116.25
18906.00
10439.88
9.88
-10795.75
-20333.88
-27156.75
-30231.50
-29096.50
-23931.12
-15527.25
-5167.88
5568.62
15049.00
21833.00
24892.88
23768.50
18636.50
10283.00
-17.88
-10697.25
-20131.00
-26886.88
-29941.88
-28837.12
-23746.62
-15450.25
-5214.38
5401.88
14783.50
21506.00
24550.38
23459.00
18403.50
10157.62
-20.50
-10581.00
-19918.12
-26614.38
-29655.38
-28584.12
-23569.50
-15379.50
-5263.62
5237.88
14527.88
21195.75
24232.12
23180.62
18207.12
10073.38
20.38
-10420.75
-19662.38
-26301.50
-29333.00
-28301.62
-23370.38
-15295.38
-5309.12
5067.00
14254.00
20857.00
23875.00
22854.25
17955.62
9929.12
-0.50
-10320.88
-19462.00
-26036.12
-29046.88
-28041.88
-23179.12
-15203.50
-5332.12
4931.62
14026.62
20571.62
23575.12
22585.12
17757.75
9832.00
17.00
-10192.50
-19243.88
-25762.88
-28762.12
-27790.62
-23001.75
-15129.38
-5374.62
4776.75
13780.50
20269.38
23260.12
22302.88
17548.62
9725.12
26.25
-10071.25
-19031.75
-25494.62
-28481.50
-27543.00
-22827.88
-15059.00
-5422.00
4614.75
13524.12
19952.62
22925.62
21995.50
17308.62
9582.50
-4.50
-9992.38
-18862.12
-25267.25
-28237.00
-27325.12
-22675.50
-15000.62
-5471.50
4460.12
13283.25
19657.62
22617.12
21716.12
17096.25
9464.75
-14.25
-9897.50
-18681.88
-25033.75
-27990.75
-27107.88
-22525.00
-14943.62
-5520.75
4308.38
13048.75
19372.88
22322.38
21453.25
16902.75
9367.50
-3.00
-9781.62
-18481.25
-24780.75
-27725.62
-26873.25
-22357.75
-14871.25
-5555.88
4169.38
12825.38
19097.38
22034.75
21195.62
16712.50
9271.88
9.25
-9664.62
-18278.38
-24523.38
-27453.25
-26626.88
-22175.00
-14779.00
-5567.50
4056.62
12629.25
18848.12
21770.75
20956.75
16534.38
9180.62
16.88
-9561.50
-18097.88
-24296.00
-27217.12
-26421.38
-22034.75
-14729.25
-5619.12
3907.62
12402.50
18575.25
21490.75
20709.50
16355.62
9096.00
37.62
-9439.75
-17894.75
-24044.00
-26955.88
-26192.25
-21875.25
-14666.25
-5666.12
3753.75
12159.50
18274.25
21170.50
20411.62
16117.62
8946.00
-9.25
-9383.88
-17751.75
-23841.75
-26730.50
-25982.62
-21716.50
-14585.12
-5676.62
3652.00
11981.62
18046.75
20927.88
20190.50
15950.88
8858.12
-6.25
-9292.00
-17587.25
-23631.62
-26509.12
-25786.38
-21577.50
-14527.12
-5710.50
3529.38
11786.88
17807.88
20679.25
19968.00
15786.88
8775.38
2.88
-9195.12
-17419.75
-23422.12
-26292.62
-25598.88
-21451.00
-14484.00
-5760.38
3391.12
11579.12
17560.12
20428.12
19751.38
15637.75
8717.62
47.00
-9053.00
-17198.00
-23150.50
-26008.12
-25340.25
-21253.12
-14372.50
-5748.50
3304.88
11410.38
17336.12
20183.38
19522.50
15457.88
8611.38
26.75
-8988.75
-17064.62
-22974.62
-25823.00
-25181.62
-21152.62
-14353.38
-5821.88
3142.00
11174.25
17054.25
19890.25
19254.75
15248.38
8484.38
-5.00
-8926.75
-16923.62
-22780.38
-25609.00
-24982.62
-21000.62
-14272.25
-5823.88
3057.88
11022.00
16858.88
19683.25
19069.38
15114.88
8424.50
19.25
-8821.25
-16752.12
-22569.00
-25390.12
-24790.38
-20865.12
-14215.62
-5856.38
2939.25
10833.12
16626.25
19439.75
18849.50
14949.38
8336.50
19.00
-8736.00
-16597.12
-22370.25
-25180.62
-24604.62
-20734.50
-14163.25
-5893.62
2814.25
10635.25
16381.12
19180.00
18609.88
14761.50
8223.75
-5.75
-8673.50
-16460.75
-22184.12
-24975.88
-24414.62
-20590.12
-14087.38
-5899.25
2727.38
10479.38
16178.62
18960.50
18404.75
14599.38
8126.50
-26.75
-8619.00
-16343.25
-22025.75
-24804.88
-24261.12
-20481.00
-14042.62
-5927.88
2627.75
10323.00
15988.88
18766.50
18237.12
14485.00
8084.50
12.00
-8503.50
-16166.38
-21813.00
-24587.25
-24070.88
-20346.62
-13985.25
-5957.00
2514.62
10140.88
15762.38
18526.62
18016.38
14312.38
7981.88
-10.12
-8446.25
-16043.50
-21647.75
-24409.25
-23911.62
-20234.38
-13940.88
-5991.00
2403.88
9966.75
15548.38
18301.88
17812.00
14156.75
7895.50
-16.25
-8373.88
-15905.62
-21467.25
-24215.25
-23734.88
-20103.12
-13875.88
-6003.12
2315.50
9814.62
15354.25
18094.25
17620.62
14008.88
7811.75
-25.75
-8309.62
-15780.12
-21301.75
-24037.12
-23573.25
-19984.25
-13819.25
-6018.75
2229.50
9670.50
15173.62
17904.00
17449.62
13883.00
7749.88
-14.38
-8227.25
-15639.12
-21124.12
-23850.12
-23405.62
-19861.38
-13760.12
-6032.00
2146.00
9529.75
14997.62
17720.25
17287.00
13767.12
7699.50
9.62
-8131.12
-15484.50
-20933.00
-23650.12
-23226.00
-19728.38
-13692.88
-6040.25
2063.88
9386.25
14814.12
17523.75
17106.00
13627.38
7620.00
0.12
-8072.12
-15368.62
-20780.88
-23487.75
-23080.62
-19624.75
-13649.00
-6064.75
1972.75
9240.88
14635.00
17336.50
16937.25
13500.88
7552.62
-0.62
-8009.38
-15255.62
-20638.88
-23343.25
-22960.62
-19552.62
-13641.25
-6127.75
1843.75
9060.75
14427.25
17129.62
16760.50
13379.62
7505.25
33.62
-7897.25
-15080.38
-20424.75
-23119.50
-22758.25
-19399.62
-13558.12
-6125.25
1766.38
8915.75
14236.12
16920.38
16562.62
13221.00
7406.88
7.38
-7850.50
-14970.88
-20271.38
-22947.88
-22596.12
-19272.75
-13486.50
-6120.25
1703.88
8795.00
14075.38
16743.38
16395.62
13088.00
7326.38
-10.75
-7805.75
-14873.00
-20138.38
-22803.12
-22464.62
-19177.50
-13445.00
-6141.50
1620.50
8659.75
13906.12
16563.25
16229.25
12957.75
7248.50
-27.75
-7763.50
-14782.00
-20017.12
-22674.50
-22352.88
-19104.38
-13425.62
-6182.75
1521.50
8515.12
13735.88
16391.88
16082.12
12857.12
7210.75
4.50
-7664.25
-14628.38
-19829.62
-22478.62
-22175.50
-18969.38
-13351.00
-6177.62
1458.12
8394.38
13576.50
16217.88
15919.12
12728.50
7134.00
-11.62
-7620.00
-14533.88
-19702.38
-22341.50
-22052.25
-18881.62
-13314.62
-6200.00
1378.62
8268.50
13422.50
16058.62
15778.62
12627.62
7087.75
3.62
-7546.25
-14413.75
-19555.12
-22191.00
-21923.12
-18795.38
-13286.38
-6236.25
1281.12
8122.75
13249.00
15882.50
15626.00
12521.88
7045.50
32.62
-7448.25
-14258.88
-19364.12
-21989.12
-21737.50
-18650.75
-13201.50
-6221.38
1226.25
8007.38
13091.12
15705.50
15454.88
12380.12
6951.12
-4.12
-7426.88
-14187.62
-19259.00
-21871.50
-21630.62
-18575.62
-13174.00
-6250.00
1142.00
7877.25
12931.62
15538.12
15302.75
12263.62
6885.75
-10.88
-7376.00
-14089.38
-19130.62
-21734.88
-21508.50
-18489.00
-13138.00
-6271.88
1063.50
7752.62
12778.50
15378.50
15159.50
12158.12
6833.12
-3.25
-7309.62
-13974.38
-18984.62
-21579.88
-21367.75
-18383.25
-13082.75
-6274.62
1004.38
7646.88
12643.50
15236.25
15033.00
12067.75
6794.00
16.25
-7233.50
-13852.12
-18834.00
-21423.00
-21228.38
-18282.38
-13036.25
-6290.25
928.00
7519.62
12483.00
15064.38
14873.75
11942.50
6719.12
0.50
-7190.12
-13758.62
-18706.38
-21282.75
-21097.88
-18182.50
-12982.62
-6292.12
870.62
7415.62
12346.62
14916.25
14734.50
11831.88
6651.38
