-7453.00
-7503.00
-7551.00
-7594.00
-7635.00
-7673.00
-7707.00
-7736.00
-7763.00
-7785.00
-7803.00
-7817.00
-7827.00
-7832.00
-7834.00
-7832.00
-7824.00
-7813.00
-7798.00
-7779.00
-7755.00
-7728.00
-7696.00
-7662.00
-7624.00
-7582.00
-7536.00
-7489.00
-7438.00
-7384.00
-7327.00
-7267.00
-7207.00
-7145.00
-7080.00
-7014.00
-6947.00
-6881.00
-6812.00
-6742.00
-6674.00
-6606.00
-6538.00
-6470.00
-6403.00
-6338.00
-6274.00
-6211.00
-6151.00
-6092.00
-6035.00
-5983.00
-5931.00
-5883.00
-5839.00
-5797.00
-5759.00
-5725.00
-5694.00
-5667.00
-5644.00
-5625.00
-5610.00
-5599.00
-5593.00
-5591.00
-5592.00
-5599.00
-5609.00
-5623.00
-5642.00
-5665.00
-5691.00
-5721.00
-5756.00
-5793.00
-5834.00
-5879.00
-5927.00
-5978.00
-6031.00
-6086.00
-6145.00
-6205.00
-6267.00
-6331.00
-6397.00
-6463.00
-6531.00
-6599.00
-6668.00
-6736.00
-6805.00
-6873.00
-6941.00
-7007.00
-7074.00
-7138.00
-7201.00
-7262.00
-7322.00
-7377.00
-7431.00
-7483.00
-7532.00
-7577.00
-7619.00
-7658.00
-7693.00
-7724.00
-7752.00
-7776.00
-7796.00
-7811.00
-7823.00
-7830.00
-7834.00
-7833.00
-7827.00
-7818.00
-7804.00
-7787.00
-7765.00
-7739.00
-7710.00
-7676.00
-7638.00
-7599.00
-7554.00
-7508.00
-7458.00
-7405.00
-7350.00
-7292.00
-7232.00
-7170.00
-7106.00
-7041.00
-6974.00
-6907.00
-6839.00
-6770.00
-6701.00
-6633.00
-6565.00
-6497.00
-6429.00
-6363.00
-6299.00
-6236.00
-6174.00
-6115.00
-6058.00
-6003.00
-5951.00
-5902.00
-5856.00
-5813.00
-5774.00
-5738.00
-5706.00
-5677.00
-5653.00
-5632.00
-5615.00
-5603.00
-5595.00
-5591.00
-5591.00
-5595.00
-5604.00
-5617.00
-5634.00
-5655.00
-5680.00
-5709.00
-5741.00
-5778.00
-5818.00
-5861.00
-5907.00
-5957.00
-6009.00
-6064.00
-6121.00
-6181.00
-6242.00
-6306.00
-6370.00
-6436.00
-6504.00
-6571.00
-6640.00
-6709.00
-6777.00
-6846.00
-6914.00
-6981.00
-7048.00
-7113.00
-7176.00
-7238.00
-7298.00
-7356.00
-7411.00
-7464.00
-7513.00
-7560.00
-7603.00
-7643.00
-7680.00
-7713.00
-7742.00
-7767.00
-7789.00
-7806.00
-7819.00
-7828.00
-7834.00
-7834.00
-7831.00
-7823.00
-7811.00
-7794.00
-7774.00
-7750.00
-7722.00
-7690.00
-7655.00
-7615.00
-7573.00
-7527.00
-7478.00
-7426.00
-7372.00
-7315.00
-7256.00
-7195.00
-7132.00
-7067.00
-7001.00
-6934.00
-6866.00
-6798.00
-6729.00
-6661.00
-6592.00
-6524.00
-6456.00
-6390.00
-6324.00
-6261.00
-6199.00
-6139.00
-6081.00
-6025.00
-5972.00
-5921.00
-5874.00
-5830.00
-5789.00
-5752.00
-5719.00
-5688.00
-5662.00
-5640.00
-5622.00
-5608.00
-5598.00
-5592.00
-5591.00
-5593.00
-5600.00
-5611.00
-5627.00
-5646.00
-5670.00
-5697.00
-5728.00
-5764.00
-5801.00
-5843.00
-5888.00
-5937.00
-5988.00
-6042.00
-6098.00
-6157.00
-6217.00
-6281.00
-6345.00
-6410.00
-6477.00
-6545.00
-6613.00
-6681.00
-6750.00
-6818.00
-6887.00
-6954.00
-7021.00
-7087.00
-7151.00
-7214.00
-7274.00
-7333.00
-7389.00
-7442.00
-7493.00
-7541.00
-7586.00
-7628.00
-7666.00
-7700.00
-7731.00
-7758.00
-7781.00
-7800.00
-7815.00
-7826.00
-7832.00
-7834.00
-7833.00
-7826.00
-7815.00
-7802.00
-7783.00
-7760.00
-7734.00
-7703.00
-7669.00
-7631.00
-7591.00
-7546.00
-7498.00
-7447.00
-7395.00
-7338.00
-7280.00
-7219.00
-7157.00
-7093.00
-7028.00
-6961.00
-6893.00
-6825.00
-6757.00
-6688.00
-6619.00
-6551.00
-6483.00
-6416.00
-6350.00
-6285.00
-6223.00
-6162.00
-6103.00
-6046.00
-5993.00
-5942.00
-5892.00
-5847.00
-5805.00
-5766.00
-5731.00
-5700.00
-5672.00
-5648.00
-5629.00
-5612.00
-5601.00
-5593.00
-5591.00
-5592.00
-5597.00
-5606.00
-5620.00
-5638.00
-5660.00
-5686.00
-5715.00
-5749.00
-5785.00
-5826.00
-5869.00
-5917.00
-5967.00
-6019.00
-6075.00
-6132.00
-6193.00
-6254.00
-6319.00
-6384.00
-6450.00
-6517.00
-6585.00
-6654.00
-6723.00
-6791.00
-6860.00
-6928.00
-6995.00
-7061.00
-7125.00
-7188.00
-7249.00
-7310.00
-7367.00
-7421.00
-7473.00
-7522.00
-7568.00
-7611.00
-7651.00
-7687.00
-7719.00
-7747.00
-7772.00
-7793.00
-7810.00
-7821.00
-7830.00
-7834.00
-7833.00
-7829.00
-7821.00
-7807.00
-7790.00
-7770.00
-7745.00
-7716.00
-7683.00
-7647.00
-7607.00
-7564.00
-7517.00
-7468.00
-7416.00
-7361.00
-7304.00
-7243.00
-7182.00
-7119.00
-7054.00
-6988.00
-6920.00
-6852.00
-6783.00
-6715.00
-6646.00
-6578.00
-6510.00
-6442.00
-6377.00
-6311.00
-6248.00
-6187.00
-6127.00
-6069.00
-6014.00
-5961.00
-5912.00
-5865.00
-5821.00
-5782.00
-5745.00
-5712.00
-5683.00
-5658.00
-5636.00
-5619.00
-5606.00
-5596.00
-5592.00
-5591.00
-5595.00
-5602.00
-5614.00
-5631.00
-5651.00
-5675.00
-5703.00
-5735.00
-5770.00
-5810.00
-5852.00
-5898.00
-5947.00
-5998.00
-6053.00
-6110.00
-6169.00
-6230.00
-6293.00
-6358.00
-6424.00
-6492.00
-6559.00
-6627.00
-6696.00
-6765.00
-6832.00
-6901.00
-6968.00
-7035.00
-7100.00
-7164.00
-7226.00
-7287.00
-7344.00
-7400.00
-7453.00
-7503.00
-7550.00
-7595.00
-7635.00
-7673.00
-7706.00
-7737.00
-7762.00
-7785.00
-7803.00
-7817.00
-7827.00
-7833.00
-7834.00
-7831.00
-7824.00
-7813.00
-7798.00
-7778.00
-7756.00
-7728.00
-7696.00
-7662.00
-7623.00
-7581.00
-7536.00
-7488.00
-7437.00
-7383.00
-7327.00
-7267.00
-7207.00
-7144.00
-7079.00
-7014.00
-6947.00
-6879.00
-6811.00
-6743.00
-6674.00
-6605.00
-6537.00
-6469.00
-6402.00
-6338.00
-6273.00
-6211.00
-6150.00
-6091.00
-6035.00
-5981.00
-5931.00
-5884.00
-5839.00
-5797.00
-5759.00
-5725.00
-5694.00
-5668.00
-5644.00
-5625.00
-5610.00
-5599.00
-5593.00
-5591.00
-5593.00
-5599.00
-5610.00
-5624.00
-5642.00
-5665.00
-5692.00
-5722.00
-5756.00
-5794.00
-5835.00
-5879.00
-5927.00
-5978.00
-6031.00
-6087.00
-6145.00
-6205.00
-6268.00
-6332.00
-6397.00
-6464.00
-6531.00
-6600.00
-6668.00
-6737.00
-6805.00
-6874.00
-6941.00
-7009.00
-7074.00
-7139.00
-7201.00
-7263.00
-7322.00
-7378.00
-7432.00
-7483.00
-7532.00
-7578.00
-7620.00
-7659.00
-7694.00
-7726.00
-7753.00
-7776.00
-7797.00
-7813.00
-7823.00
-7831.00
-7834.00
-7833.00
-7828.00
-7819.00
-7805.00
-7787.00
-7765.00
-7739.00
-7709.00
-7677.00
-7639.00
-7599.00
-7555.00
-7508.00
-7458.00
-7405.00
-7349.00
-7291.00
-7232.00
-7170.00
-7106.00
-7041.00
-6974.00
-6907.00
-6839.00
-6770.00
-6702.00
-6633.00
-6565.00
-6497.00
-6429.00
-6363.00
-6298.00
-6236.00
-6174.00
-6115.00
-6058.00
-6003.00
-5951.00
-5902.00
-5856.00
-5813.00
-5774.00
-5738.00
-5706.00
-5678.00
-5653.00
-5632.00
-5616.00
-5603.00
-5596.00
-5591.00
-5591.00
-5596.00
-5605.00
-5618.00
-5634.00
-5655.00
-5680.00
-5709.00
-5742.00
-5779.00
-5818.00
-5862.00
-5908.00
-5957.00
-6009.00
-6064.00
-6122.00
-6181.00
-6243.00
-6306.00
-6372.00
-6437.00
-6505.00
-6573.00
-6641.00
-6709.00
-6778.00
-6846.00
-6915.00
-6982.00
-7048.00
-7113.00
-7177.00
-7239.00
-7299.00
-7356.00
-7411.00
-7464.00
-7514.00
-7561.00
-7604.00
-7644.00
-7680.00
-7713.00
-7743.00
-7768.00
-7790.00
-7807.00
-7820.00
-7829.00
-7834.00
-7835.00
-7831.00
-7823.00
-7810.00
-7795.00
-7774.00
-7750.00
-7722.00
-7691.00
-7655.00
-7615.00
-7573.00
-7527.00
-7478.00
-7427.00
-7372.00
-7316.00
-7256.00
-7195.00
-7131.00
-7068.00
-7001.00
-6934.00
-6866.00
-6798.00
-6729.00
-6661.00
-6592.00
-6524.00
-6457.00
-6390.00
-6325.00
-6261.00
-6198.00
-6139.00
-6080.00
-6025.00
-5972.00
-5922.00
-5874.00
-5830.00
-5790.00
-5752.00
-5718.00
-5689.00
-5662.00
-5640.00
-5622.00
-5608.00
-5598.00
-5592.00
-5591.00
-5594.00
-5601.00
-5612.00
-5627.00
-5646.00
-5670.00
-5698.00
-5729.00
-5763.00
-5802.00
-5843.00
-5889.00
-5937.00
-5988.00
-6042.00
-6099.00
-6157.00
-6218.00
-6280.00
-6345.00
-6410.00
-6477.00
-6545.00
-6613.00
-6682.00
-6750.00
-6819.00
-6888.00
-6955.00
-7022.00
-7087.00
-7152.00
-7213.00
-7274.00
-7333.00
-7389.00
-7443.00
-7494.00
-7541.00
-7586.00
-7628.00
-7666.00
-7700.00
-7731.00
-7758.00
-7781.00
-7799.00
-7815.00
-7825.00
-7832.00
-7835.00
-7832.00
-7826.00
-7816.00
-7801.00
-7783.00
-7760.00
-7734.00
-7704.00
-7669.00
-7631.00
-7590.00
-7545.00
-7498.00
-7447.00
-7394.00
-7338.00
-7280.00
-7219.00
-7157.00
-7093.00
-7027.00
-6961.00
-6893.00
-6825.00
-6756.00
-6688.00
-6620.00
-6551.00
-6483.00
-6416.00
-6350.00
-6286.00
-6223.00
-6162.00
-6104.00
-6047.00
-5992.00
-5941.00
-5893.00
-5847.00
-5805.00
-5767.00
-5732.00
-5700.00
-5673.00
-5648.00
-5629.00
-5613.00
-5601.00
-5594.00
-5591.00
-5592.00
-5597.00
-5607.00
-5621.00
-5639.00
-5660.00
-5686.00
-5716.00
-5749.00
-5786.00
-5827.00
-5870.00
-5918.00
-5967.00
-6020.00
-6075.00
-6134.00
-6194.00
-6256.00
-6319.00
-6384.00
-6451.00
-6518.00
-6586.00
-6655.00
-6723.00
-6792.00
-6860.00
-6929.00
-6995.00
-7061.00
-7126.00
-7189.00
-7250.00
-7310.00
-7367.00
-7422.00
-7474.00
-7523.00
-7569.00
-7611.00
-7651.00
-7688.00
-7719.00
-7748.00
-7773.00
-7793.00
-7810.00
-7822.00
-7830.00
-7834.00
-7834.00
-7829.00
-7821.00
-7808.00
-7791.00
-7771.00
-7745.00
-7716.00
-7683.00
-7647.00
-7607.00
-7564.00
-7518.00
-7468.00
-7416.00
-7361.00
-7304.00
-7244.00
-7182.00
-7119.00
-7054.00
-6987.00
-6920.00
-6853.00
-6784.00
-6715.00
-6646.00
-6578.00
-6510.00
-6442.00
-6376.00
-6312.00
-6248.00
-6186.00
-6126.00
-6068.00
-6013.00
-5962.00
-5911.00
-5865.00
-5821.00
-5781.00
-5745.00
-5712.00
-5683.00
-5657.00
-5636.00
-5619.00
-5605.00
-5596.00
-5592.00
-5592.00
-5595.00
-5602.00
-5615.00
-5631.00
-5651.00
-5675.00
-5704.00
-5735.00
-5771.00
-5810.00
-5852.00
-5898.00
-5947.00
-5999.00
-6053.00
-6110.00
-6170.00
-6230.00
-6294.00
-6358.00
-6424.00
-6491.00
-6559.00
-6627.00
-6696.00
-6764.00
-6833.00
-6901.00
-6968.00
-7035.00
-7101.00
-7164.00
-7226.00
-7287.00
-7345.00
-7400.00
-7454.00
-7504.00
-7551.00
-7595.00
-7636.00
-7673.00
-7707.00
-7736.00
-7763.00
-7785.00
-7804.00
-7817.00
-7826.00
-7833.00
-7834.00
-7832.00
-7824.00
-7813.00
-7798.00
-7779.00
-7755.00
-7728.00
-7697.00
-7662.00
-7624.00
-7581.00
-7537.00
-7488.00
-7437.00
-7383.00
-7327.00
-7268.00
-7207.00
-7144.00
-7080.00
-7014.00
-6947.00
-6880.00
-6811.00
-6743.00
-6674.00
-6606.00
-6537.00
-6470.00
-6403.00
-6337.00
-6273.00
-6211.00
-6150.00
-6092.00
-6036.00
-5982.00
-5931.00
-5883.00
-5838.00
-5797.00
-5759.00
-5724.00
-5694.00
-5668.00
-5644.00
-5625.00
-5611.00
-5600.00
-5593.00
-5591.00
-5593.00
-5599.00
-5610.00
-5624.00
-5643.00
-5665.00
-5692.00
-5722.00
-5757.00
-5794.00
-5835.00
-5879.00
-5928.00
-5978.00
-6031.00
-6087.00
-6145.00
-6206.00
-6268.00
-6332.00
-6398.00
-6464.00
-6532.00
-6600.00
-6669.00
-6737.00
-6806.00
-6874.00
-6942.00
-7009.00
-7074.00
-7139.00
-7202.00
-7263.00
-7322.00
-7379.00
-7432.00
-7484.00
-7533.00
-7578.00
-7620.00
-7659.00
-7694.00
-7726.00
-7753.00
-7777.00
-7796.00
-7813.00
-7824.00
-7832.00
-7834.00
-7833.00
-7828.00
-7818.00
-7804.00
-7787.00
-7765.00
-7739.00
-7710.00
-7676.00
-7640.00
-7599.00
-7554.00
-7508.00
-7458.00
-7405.00
-7349.00
-7291.00
-7232.00
-7169.00
-7105.00
-7041.00
-6974.00
-6907.00
-6839.00
-6770.00
-6701.00
-6632.00
-6564.00
-6496.00
-6429.00
-6363.00
-6299.00
-6235.00
-6174.00
-6115.00
-6058.00
-6003.00
-5951.00
-5902.00
-5856.00
-5813.00
-5774.00
-5738.00
-5706.00
-5677.00
-5652.00
-5632.00
-5616.00
-5603.00
-5595.00
-5591.00
-5591.00
-5595.00
-5604.00
-5617.00
-5635.00
-5655.00
-5681.00
-5709.00
-5742.00
-5778.00
-5818.00
-5861.00
-5907.00
-5957.00
-6009.00
-6064.00
-6122.00
-6181.00
-6243.00
-6306.00
-6371.00
-6437.00
-6504.00
-6572.00
-6641.00
-6710.00
-6778.00
-6846.00
-6915.00
-6982.00
-7048.00
-7113.00
-7177.00
-7238.00
-7298.00
-7356.00
-7411.00
-7464.00
-7514.00
-7560.00
-7603.00
-7643.00
-7680.00
-7713.00
-7742.00
-7767.00
-7789.00
-7806.00
-7819.00
-7829.00
-7833.00
-7834.00
-7830.00
-7823.00
-7810.00
-7794.00
-7774.00
-7750.00
-7721.00
-7690.00
-7654.00
-7616.00
-7572.00
-7527.00
-7478.00
-7426.00
-7372.00
-7315.00
-7256.00
-7194.00
-7131.00
-7067.00
-7001.00
-6934.00
-6866.00
-6797.00
-6728.00
-6660.00
-6591.00
-6523.00
-6456.00
-6389.00
-6324.00
-6261.00
-6198.00
-6138.00
-6080.00
-6024.00
-5971.00
-5921.00
-5874.00
-5830.00
-5789.00
-5752.00
-5718.00
-5688.00
-5662.00
-5640.00
-5622.00
-5608.00
-5598.00
-5593.00
-5591.00
-5594.00
-5600.00
-5612.00
-5627.00
-5647.00
-5670.00
-5698.00
-5728.00
-5763.00
-5802.00
-5844.00
-5889.00
-5937.00
-5988.00
-6042.00
-6098.00
-6158.00
-6218.00
-6281.00
-6345.00
-6410.00
-6477.00
-6545.00
-6614.00
-6683.00
-6751.00
-6819.00
-6888.00
-6955.00
-7022.00
-7088.00
-7152.00
-7214.00
-7275.00
-7334.00
-7389.00
-7443.00
-7494.00
-7542.00
-7586.00
-7628.00
-7666.00
-7700.00
-7731.00
-7758.00
-7781.00
-7800.00
-7815.00
-7826.00
-7833.00
-7834.00
-7832.00
-7826.00
-7816.00
-7801.00
-7783.00
-7761.00
-7734.00
-7704.00
-7669.00
-7631.00
-7590.00
-7546.00
-7498.00
-7448.00
-7394.00
-7338.00
-7279.00
-7219.00
-7157.00
-7093.00
-7027.00
-6961.00
-6894.00
-6825.00
-6756.00
-6688.00
-6619.00
-6551.00
-6483.00
-6415.00
-6350.00
-6286.00
-6223.00
-6162.00
-6103.00
-6047.00
-5992.00
-5941.00
-5893.00
-5848.00
-5805.00
-5767.00
-5732.00
-5700.00
-5672.00
-5648.00
-5628.00
-5612.00
-5602.00
-5594.00
-5591.00
-5592.00
-5597.00
-5607.00
-5621.00
-5638.00
-5660.00
-5686.00
-5716.00
-5749.00
-5786.00
-5827.00
-5871.00
-5917.00
-5968.00
-6020.00
-6076.00
-6134.00
-6194.00
-6256.00
-6320.00
-6385.00
-6451.00
-6519.00
-6586.00
-6654.00
-6724.00
-6792.00
-6860.00
-6929.00
-6996.00
-7062.00
-7126.00
-7190.00
-7251.00
-7311.00
-7367.00
-7422.00
-7474.00
-7523.00
-7569.00
-7612.00
-7651.00
-7687.00
-7720.00
-7748.00
-7772.00
-7793.00
-7810.00
-7821.00
-7830.00
-7834.00
-7833.00
-7829.00
-7820.00
-7808.00
-7791.00
-7770.00
-7745.00
-7716.00
-7684.00
-7647.00
-7607.00
-7563.00
-7517.00
-7468.00
-7416.00
-7361.00
-7303.00
-7243.00
-7181.00
-7118.00
-7054.00
-6987.00
-6920.00
-6852.00
-6783.00
-6715.00
-6646.00
-6578.00
-6510.00
-6443.00
-6376.00
-6311.00
-6248.00
-6186.00
-6127.00
-6069.00
-6014.00
-5961.00
-5912.00
-5865.00
-5821.00
-5782.00
-5745.00
-5712.00
-5683.00
-5657.00
-5636.00
-5619.00
-5606.00
-5597.00
-5591.00
-5591.00
-5595.00
-5603.00
-5615.00
-5631.00
-5651.00
-5676.00
-5703.00
-5736.00
-5771.00
-5810.00
-5853.00
-5899.00
-5948.00
-5999.00
-6053.00
-6110.00
-6170.00
-6231.00
-6294.00
-6358.00
-6425.00
-6491.00
-6559.00
-6628.00
-6696.00
-6765.00
-6834.00
-6901.00
-6969.00
-7036.00
-7101.00
-7164.00
-7227.00
-7287.00
-7344.00
-7401.00
-7454.00
-7504.00
-7551.00
-7596.00
-7636.00
-7673.00
-7707.00
-7737.00
-7763.00
-7785.00
-7803.00
-7817.00
-7827.00
-7833.00
-7834.00
-7832.00
-7824.00
-7814.00
-7798.00
-7778.00
-7755.00
-7728.00
-7697.00
-7662.00
-7623.00
-7581.00
-7536.00
-7488.00
-7437.00
-7383.00
-7326.00
-7268.00
-7207.00
-7144.00
-7080.00
-7014.00
-6947.00
-6879.00
-6811.00
-6742.00
-6674.00
-6605.00
-6537.00
-6469.00
-6402.00
-6337.00
-6273.00
-6211.00
-6150.00
-6091.00
-6035.00
-5982.00
-5931.00
-5883.00
-5838.00
-5797.00
-5759.00
-5725.00
-5694.00
-5667.00
-5644.00
-5625.00
-5610.00
-5600.00
-5593.00
-5591.00
-5593.00
-5599.00
-5609.00
-5624.00
-5643.00
-5665.00
-5692.00
-5722.00
-5756.00
-5794.00
-5836.00
-5880.00
-5927.00
-5978.00
-6031.00
-6088.00
-6146.00
-6206.00
-6269.00
-6333.00
-6398.00
-6464.00
-6532.00
-6600.00
-6669.00
-6737.00
-6805.00
-6874.00
-6942.00
-7009.00
-7074.00
-7139.00
-7201.00
-7263.00
-7322.00
-7379.00
-7433.00
-7483.00
-7533.00
-7578.00
-7620.00
-7659.00
-7694.00
-7725.00
-7753.00
-7777.00
-7797.00
-7812.00
-7824.00
-7831.00
-7834.00
-7833.00
-7827.00
-7819.00
-7804.00
-7787.00
-7765.00
-7739.00
-7709.00
-7676.00
-7639.00
-7599.00
-7555.00
-7508.00
-7458.00
-7405.00
-7349.00
-7292.00
-7231.00
-7170.00
-7106.00
-7040.00
-6974.00
-6907.00
-6838.00
-6770.00
-6701.00
-6633.00
-6564.00
-6496.00
-6429.00
-6363.00
-6298.00
-6235.00
-6174.00
-6115.00
-6057.00
-6003.00
-5951.00
-5902.00
-5856.00
-5813.00
-5774.00
-5738.00
-5706.00
-5678.00
-5653.00
-5632.00
-5617.00
-5604.00
-5596.00
-5591.00
-5592.00
-5596.00
-5605.00
-5618.00
-5634.00
-5656.00
-5681.00
-5710.00
-5742.00
-5779.00
-5818.00
-5862.00
-5908.00
-5957.00
-6010.00
-6064.00
-6122.00
-6182.00
-6243.00
-6306.00
-6371.00
-6438.00
-6504.00
-6573.00
-6641.00
-6710.00
-6778.00
-6847.00
-6915.00
-6982.00
-7049.00
-7113.00
-7177.00
-7238.00
-7298.00
-7356.00
-7411.00
-7464.00
-7513.00
-7559.00
-7603.00
-7643.00
-7680.00
-7713.00
-7742.00
-7767.00
-7789.00
-7807.00
-7819.00
-7828.00
-7833.00
-7834.00
-7830.00
-7823.00
-7810.00
-7794.00
-7774.00
-7750.00
-7722.00
-7690.00
-7654.00
-7615.00
-7573.00
-7527.00
-7478.00
-7426.00
-7372.00
-7315.00
-7255.00
-7194.00
-7131.00
-7067.00
-7000.00
-6934.00
-6865.00
-6797.00
-6728.00
-6660.00
-6591.00
-6523.00
-6456.00
-6389.00
-6324.00
-6260.00
-6198.00
-6138.00
-6080.00
-6024.00
-5971.00
-5921.00
-5874.00
-5830.00
-5788.00
-5752.00
-5718.00
-5688.00
-5662.00
-5640.00
-5622.00
-5608.00
-5598.00
-5593.00
-5591.00
-5594.00
-5601.00
-5612.00
-5627.00
-5647.00
-5670.00
-5698.00
-5729.00
-5764.00
-5802.00
-5844.00
-5889.00
-5937.00
-5989.00
-6043.00
-6099.00
-6158.00
-6219.00
-6281.00
-6346.00
-6411.00
-6478.00
-6545.00
-6614.00
-6683.00
-6751.00
-6819.00
-6888.00
-6955.00
-7022.00
-7088.00
-7152.00
-7215.00
-7275.00
-7334.00
-7390.00
-7443.00
-7495.00
-7542.00
-7587.00
-7628.00
-7666.00
-7701.00
-7732.00
-7758.00
-7781.00
-7800.00
-7815.00
-7826.00
-7833.00
-7834.00
-7832.00
-7827.00
-7816.00
-7802.00
-7783.00
-7760.00
-7733.00
-7703.00
-7669.00
-7631.00
-7590.00
-7545.00
-7498.00
-7447.00
-7393.00
-7338.00
-7279.00
-7219.00
-7157.00
-7092.00
-7027.00
-6960.00
-6893.00
-6825.00
-6757.00
-6687.00
-6619.00
-6550.00
-6483.00
-6416.00
-6350.00
-6286.00
-6223.00
-6162.00
-6103.00
-6046.00
-5992.00
-5941.00
-5892.00
-5847.00
-5805.00
-5767.00
-5732.00
-5700.00
-5672.00
-5649.00
-5629.00
-5613.00
-5601.00
-5594.00
-5591.00
-5592.00
-5597.00
-5607.00
-5621.00
-5639.00
-5660.00
-5686.00
-5716.00
-5750.00
-5787.00
-5827.00
-5871.00
-5917.00
-5968.00
-6021.00
-6076.00
-6134.00
-6194.00
-6256.00
-6319.00
-6385.00
-6451.00
-6519.00
-6586.00
-6655.00
-6723.00
-6792.00
-6861.00
-6929.00
-6996.00
-7062.00
-7126.00
-7189.00
-7251.00
-7310.00
-7368.00
-7422.00
-7474.00
-7523.00
-7569.00
-7612.00
-7651.00
-7687.00
-7719.00
-7748.00
-7772.00
-7793.00
-7809.00
-7822.00
-7830.00
-7834.00
-7834.00
-7829.00
-7820.00
-7807.00
-7790.00
-7769.00
-7744.00
-7716.00
-7683.00
-7646.00
-7606.00
-7563.00
-7517.00
-7467.00
-7415.00
-7360.00
-7303.00
-7243.00
-7181.00
-7118.00
-7053.00
-6987.00
-6919.00
-6851.00
-6783.00
-6714.00
-6646.00
-6577.00
-6509.00
-6442.00
-6376.00
-6311.00
-6247.00
-6185.00
-6126.00
-6068.00
-6013.00
-5961.00
-5911.00
-5864.00
-5821.00
-5780.00
-5744.00
-5711.00
-5682.00
-5657.00
-5635.00
-5618.00
-5605.00
-5596.00
-5591.00
-5591.00
-5594.00
-5602.00
-5614.00
-5630.00
-5651.00
-5675.00
-5703.00
-5735.00
-5771.00
-5810.00
-5853.00
-5898.00
-5947.00
-5998.00
-6053.00
-6110.00
-6169.00
-6230.00
-6294.00
-6358.00
-6424.00
-6491.00
-6559.00
-6627.00
-6696.00
-6764.00
-6833.00
-6901.00
-6968.00
-7035.00
-7101.00
-7164.00
-7226.00
-7287.00
-7344.00
-7400.00
