-7162.00
-7224.00
-7285.00
-7343.00
-7399.00
-7452.00
-7502.00
-7550.00
-7594.00
-7635.00
-7672.00
-7706.00
-7736.00
-7762.00
-7785.00
-7803.00
-7817.00
-7827.00
-7833.00
-7834.00
-7832.00
-7825.00
-7814.00
-7799.00
-7779.00
-7757.00
-7729.00
-7697.00
-7663.00
-7624.00
-7583.00
-7538.00
-7490.00
-7439.00
-7385.00
-7328.00
-7270.00
-7209.00
-7147.00
-7082.00
-7015.00
-6949.00
-6882.00
-6813.00
-6744.00
-6676.00
-6607.00
-6539.00
-6471.00
-6405.00
-6339.00
-6275.00
-6212.00
-6152.00
-6093.00
-6037.00
-5984.00
-5933.00
-5885.00
-5840.00
-5798.00
-5760.00
-5725.00
-5695.00
-5668.00
-5645.00
-5626.00
-5611.00
-5600.00
-5593.00
-5590.00
-5593.00
-5599.00
-5609.00
-5623.00
-5642.00
-5665.00
-5691.00
-5721.00
-5756.00
-5793.00
-5833.00
-5879.00
-5926.00
-5976.00
-6029.00
-6085.00
-6143.00
-6204.00
-6266.00
-6331.00
-6396.00
-6462.00
-6530.00
-6598.00
-6667.00
-6735.00
-6803.00
-6872.00
-6940.00
-7007.00
-7073.00
-7137.00
-7200.00
-7261.00
-7320.00
-7377.00
-7431.00
-7482.00
-7531.00
-7577.00
-7618.00
-7658.00
-7693.00
-7724.00
-7752.00
-7776.00
-7796.00
-7812.00
-7824.00
-7831.00
-7834.00
-7833.00
-7828.00
-7818.00
-7805.00
-7787.00
-7765.00
-7740.00
-7711.00
-7677.00
-7640.00
-7600.00
-7556.00
-7509.00
-7459.00
-7406.00
-7351.00
-7293.00
-7233.00
-7171.00
-7107.00
-7042.00
-6976.00
-6909.00
-6840.00
-6772.00
-6703.00
-6635.00
-6566.00
-6498.00
-6431.00
-6365.00
-6300.00
-6237.00
-6175.00
-6117.00
-6059.00
-6004.00
-5952.00
-5903.00
-5857.00
-5814.00
-5774.00
-5739.00
-5706.00
-5678.00
-5653.00
-5633.00
-5616.00
-5604.00
-5595.00
-5591.00
-5591.00
-5596.00
-5604.00
-5618.00
-5634.00
-5655.00
-5679.00
-5708.00
-5741.00
-5777.00
-5817.00
-5860.00
-5907.00
-5955.00
-6008.00
-6063.00
-6120.00
-6180.00
-6241.00
-6305.00
-6370.00
-6435.00
-6503.00
-6570.00
-6639.00
-6707.00
-6776.00
-6845.00
-6913.00
-6980.00
-7046.00
-7111.00
-7175.00
-7237.00
-7297.00
-7354.00
-7410.00
-7462.00
-7512.00
-7559.00
-7602.00
-7642.00
-7679.00
-7712.00
-7742.00
-7767.00
-7789.00
-7806.00
-7820.00
-7829.00
-7834.00
-7834.00
-7831.00
-7823.00
-7811.00
-7795.00
-7775.00
-7751.00
-7722.00
-7691.00
-7655.00
-7617.00
-7573.00
-7528.00
-7480.00
-7428.00
-7373.00
-7316.00
-7257.00
-7196.00
-7133.00
-7069.00
-7003.00
-6936.00
-6868.00
-6799.00
-6730.00
-6662.00
-6594.00
-6525.00
-6458.00
-6391.00
-6326.00
-6262.00
-6200.00
-6140.00
-6082.00
-6026.00
-5973.00
-5922.00
-5875.00
-5832.00
-5791.00
-5753.00
-5719.00
-5689.00
-5663.00
-5640.00
-5622.00
-5608.00
-5598.00
-5592.00
-5591.00
-5594.00
-5600.00
-5611.00
-5627.00
-5646.00
-5669.00
-5697.00
-5728.00
-5763.00
-5801.00
-5842.00
-5887.00
-5935.00
-5987.00
-6040.00
-6097.00
-6156.00
-6216.00
-6279.00
-6343.00
-6408.00
-6475.00
-6543.00
-6611.00
-6680.00
-6749.00
-6817.00
-6885.00
-6953.00
-7020.00
-7086.00
-7150.00
-7212.00
-7273.00
-7332.00
-7388.00
-7442.00
-7492.00
-7541.00
-7585.00
-7626.00
-7665.00
-7699.00
-7730.00
-7757.00
-7780.00
-7799.00
-7814.00
-7825.00
-7831.00
-7834.00
-7832.00
-7826.00
-7816.00
-7802.00
-7783.00
-7761.00
-7735.00
-7704.00
-7670.00
-7633.00
-7592.00
-7547.00
-7499.00
-7449.00
-7395.00
-7340.00
-7282.00
-7221.00
-7158.00
-7094.00
-7029.00
-6963.00
-6895.00
-6827.00
-6758.00
-6690.00
-6621.00
-6553.00
-6485.00
-6418.00
-6352.00
-6288.00
-6225.00
-6164.00
-6105.00
-6048.00
-5994.00
-5943.00
-5894.00
-5849.00
-5807.00
-5768.00
-5732.00
-5700.00
-5673.00
-5649.00
-5629.00
-5614.00
-5602.00
-5594.00
-5592.00
-5592.00
-5597.00
-5607.00
-5621.00
-5638.00
-5660.00
-5685.00
-5715.00
-5748.00
-5785.00
-5825.00
-5869.00
-5916.00
-5967.00
-6019.00
-6075.00
-6132.00
-6192.00
-6254.00
-6318.00
-6383.00
-6449.00
-6516.00
-6584.00
-6653.00
-6722.00
-6790.00
-6859.00
-6926.00
-6993.00
-7059.00
-7124.00
-7188.00
-7249.00
-7309.00
-7366.00
-7420.00
-7472.00
-7522.00
-7568.00
-7611.00
-7650.00
-7686.00
-7718.00
-7747.00
-7771.00
-7793.00
-7809.00
-7822.00
-7831.00
-7834.00
-7834.00
-7829.00
-7821.00
-7808.00
-7791.00
-7770.00
-7745.00
-7716.00
-7684.00
-7648.00
-7608.00
-7565.00
-7519.00
-7470.00
-7417.00
-7362.00
-7305.00
-7246.00
-7184.00
-7120.00
-7056.00
-6989.00
-6922.00
-6854.00
-6786.00
-6717.00
-6648.00
-6580.00
-6512.00
-6444.00
-6378.00
-6313.00
-6250.00
-6188.00
-6128.00
-6071.00
-6015.00
-5963.00
-5914.00
-5866.00
-5823.00
-5783.00
-5746.00
-5713.00
-5684.00
-5658.00
-5637.00
-5620.00
-5606.00
-5597.00
-5592.00
-5591.00
-5595.00
-5603.00
-5615.00
-5631.00
-5651.00
-5675.00
-5703.00
-5735.00
-5771.00
-5809.00
-5852.00
-5897.00
-5946.00
-5998.00
-6052.00
-6109.00
-6168.00
-6229.00
-6293.00
-6357.00
-6423.00
-6490.00
-6558.00
-6626.00
-6694.00
-6763.00
-6832.00
-6900.00
-6967.00
-7034.00
-7099.00
-7163.00
-7224.00
-7285.00
-7344.00
-7399.00
-7452.00
-7502.00
-7550.00
-7594.00
-7635.00
-7672.00
-7706.00
-7736.00
-7763.00
-7785.00
-7803.00
-7817.00
-7827.00
-7833.00
-7834.00
-7832.00
-7825.00
-7814.00
-7798.00
-7779.00
-7756.00
-7729.00
-7697.00
-7663.00
-7624.00
-7583.00
-7538.00
-7489.00
-7439.00
-7384.00
-7328.00
-7270.00
-7208.00
-7145.00
-7082.00
-7016.00
-6949.00
-6881.00
-6813.00
-6744.00
-6676.00
-6607.00
-6539.00
-6471.00
-6405.00
-6339.00
-6275.00
-6212.00
-6152.00
-6093.00
-6037.00
-5983.00
-5932.00
-5885.00
-5840.00
-5798.00
-5761.00
-5726.00
-5695.00
-5668.00
-5645.00
-5626.00
-5612.00
-5600.00
-5593.00
-5591.00
-5593.00
-5599.00
-5609.00
-5624.00
-5642.00
-5665.00
-5691.00
-5721.00
-5756.00
-5793.00
-5834.00
-5879.00
-5926.00
-5977.00
-6030.00
-6086.00
-6144.00
-6204.00
-6267.00
-6331.00
-6396.00
-6462.00
-6530.00
-6599.00
-6667.00
-6735.00
-6804.00
-6873.00
-6940.00
-7007.00
-7073.00
-7137.00
-7200.00
-7261.00
-7320.00
-7377.00
-7431.00
-7482.00
-7531.00
-7577.00
-7619.00
-7658.00
-7693.00
-7725.00
-7752.00
-7776.00
-7796.00
-7812.00
-7823.00
-7831.00
-7834.00
-7833.00
-7828.00
-7818.00
-7805.00
-7787.00
-7766.00
-7740.00
-7710.00
-7677.00
-7640.00
-7600.00
-7556.00
-7509.00
-7459.00
-7406.00
-7351.00
-7293.00
-7232.00
-7171.00
-7107.00
-7042.00
-6976.00
-6908.00
-6840.00
-6771.00
-6703.00
-6635.00
-6566.00
-6498.00
-6431.00
-6365.00
-6300.00
-6237.00
-6175.00
-6116.00
-6059.00
-6005.00
-5953.00
-5903.00
-5857.00
-5814.00
-5775.00
-5740.00
-5707.00
-5678.00
-5654.00
-5633.00
-5616.00
-5604.00
-5596.00
-5592.00
-5591.00
-5596.00
-5604.00
-5617.00
-5634.00
-5655.00
-5680.00
-5709.00
-5742.00
-5778.00
-5818.00
-5860.00
-5907.00
-5956.00
-6008.00
-6063.00
-6121.00
-6180.00
-6242.00
-6306.00
-6369.00
-6436.00
-6503.00
-6571.00
-6639.00
-6708.00
-6777.00
-6845.00
-6913.00
-6980.00
-7047.00
-7112.00
-7176.00
-7237.00
-7297.00
-7355.00
-7410.00
-7463.00
-7512.00
-7559.00
-7602.00
-7643.00
-7680.00
-7713.00
-7742.00
-7767.00
-7788.00
-7806.00
-7819.00
-7829.00
-7834.00
-7834.00
-7830.00
-7823.00
-7811.00
-7795.00
-7775.00
-7751.00
-7722.00
-7691.00
-7655.00
-7616.00
-7573.00
-7528.00
-7479.00
-7428.00
-7373.00
-7316.00
-7257.00
-7196.00
-7133.00
-7068.00
-7002.00
-6935.00
-6867.00
-6799.00
-6731.00
-6662.00
-6593.00
-6525.00
-6458.00
-6391.00
-6326.00
-6262.00
-6199.00
-6139.00
-6081.00
-6026.00
-5973.00
-5922.00
-5875.00
-5831.00
-5790.00
-5753.00
-5719.00
-5688.00
-5663.00
-5641.00
-5622.00
-5609.00
-5598.00
-5592.00
-5591.00
-5594.00
-5601.00
-5612.00
-5627.00
-5646.00
-5669.00
-5697.00
-5728.00
-5763.00
-5801.00
-5843.00
-5888.00
-5936.00
-5987.00
-6040.00
-6097.00
-6156.00
-6217.00
-6279.00
-6343.00
-6409.00
-6476.00
-6543.00
-6612.00
-6680.00
-6749.00
-6818.00
-6886.00
-6954.00
-7020.00
-7086.00
-7150.00
-7212.00
-7273.00
-7332.00
-7388.00
-7442.00
-7493.00
-7541.00
-7586.00
-7627.00
-7665.00
-7699.00
-7731.00
-7757.00
-7781.00
-7799.00
-7815.00
-7826.00
-7832.00
-7834.00
-7832.00
-7826.00
-7816.00
-7802.00
-7783.00
-7761.00
-7734.00
-7704.00
-7670.00
-7632.00
-7591.00
-7547.00
-7499.00
-7448.00
-7395.00
-7339.00
-7281.00
-7220.00
-7158.00
-7094.00
-7029.00
-6962.00
-6895.00
-6826.00
-6757.00
-6690.00
-6621.00
-6552.00
-6484.00
-6418.00
-6351.00
-6287.00
-6224.00
-6163.00
-6104.00
-6048.00
-5994.00
-5942.00
-5893.00
-5848.00
-5806.00
-5767.00
-5732.00
-5701.00
-5672.00
-5649.00
-5629.00
-5613.00
-5602.00
-5594.00
-5590.00
-5592.00
-5597.00
-5606.00
-5620.00
-5638.00
-5659.00
-5685.00
-5714.00
-5748.00
-5785.00
-5825.00
-5869.00
-5916.00
-5966.00
-6019.00
-6074.00
-6132.00
-6192.00
-6254.00
-6317.00
-6383.00
-6449.00
-6516.00
-6584.00
-6653.00
-6722.00
-6790.00
-6859.00
-6926.00
-6994.00
-7060.00
-7124.00
-7188.00
-7249.00
-7308.00
-7366.00
-7421.00
-7472.00
-7522.00
-7568.00
-7611.00
-7650.00
-7686.00
-7718.00
-7747.00
-7771.00
-7792.00
-7808.00
-7822.00
-7829.00
-7833.00
-7834.00
-7829.00
-7820.00
-7808.00
-7791.00
-7770.00
-7745.00
-7716.00
-7684.00
-7647.00
-7607.00
-7565.00
-7518.00
-7469.00
-7416.00
-7362.00
-7304.00
-7245.00
-7183.00
-7120.00
-7055.00
-6989.00
-6921.00
-6853.00
-6785.00
-6717.00
-6648.00
-6579.00
-6511.00
-6444.00
-6378.00
-6313.00
-6249.00
-6187.00
-6127.00
-6070.00
-6015.00
-5962.00
-5912.00
-5865.00
-5822.00
-5782.00
-5745.00
-5713.00
-5683.00
-5658.00
-5636.00
-5619.00
-5606.00
-5596.00
-5591.00
-5590.00
-5594.00
-5602.00
-5614.00
-5630.00
-5650.00
-5674.00
-5702.00
-5734.00
-5770.00
-5809.00
-5851.00
-5897.00
-5946.00
-5997.00
-6051.00
-6108.00
-6168.00
-6229.00
-6292.00
-6356.00
-6422.00
-6489.00
-6557.00
-6626.00
-6694.00
-6762.00
-6831.00
-6899.00
-6967.00
-7034.00
-7099.00
-7162.00
-7225.00
-7285.00
-7343.00
-7399.00
-7452.00
-7502.00
-7549.00
-7594.00
-7634.00
-7672.00
-7706.00
-7736.00
-7762.00
-7784.00
-7803.00
-7817.00
-7827.00
-7832.00
-7834.00
-7831.00
-7824.00
-7814.00
-7798.00
-7779.00
-7755.00
-7728.00
-7697.00
-7662.00
-7624.00
-7582.00
-7537.00
-7488.00
-7437.00
-7384.00
-7328.00
-7269.00
-7207.00
-7145.00
-7081.00
-7015.00
-6948.00
-6881.00
-6812.00
-6744.00
-6675.00
-6606.00
-6539.00
-6471.00
-6404.00
-6338.00
-6274.00
-6212.00
-6151.00
-6092.00
-6036.00
-5983.00
-5932.00
-5884.00
-5839.00
-5797.00
-5759.00
-5725.00
-5694.00
-5666.00
-5644.00
-5625.00
-5610.00
-5599.00
-5592.00
-5590.00
-5592.00
-5598.00
-5609.00
-5622.00
-5642.00
-5664.00
-5691.00
-5720.00
-5755.00
-5792.00
-5833.00
-5878.00
-5925.00
-5976.00
-6030.00
-6086.00
-6143.00
-6204.00
-6266.00
-6330.00
-6395.00
-6462.00
-6530.00
-6598.00
-6666.00
-6735.00
-6804.00
-6872.00
-6940.00
-7007.00
-7072.00
-7137.00
-7200.00
-7261.00
-7320.00
-7377.00
-7431.00
-7482.00
-7531.00
-7576.00
-7618.00
-7658.00
-7692.00
-7724.00
-7752.00
-7776.00
-7796.00
-7812.00
-7823.00
-7830.00
-7834.00
-7832.00
-7828.00
-7818.00
-7805.00
-7787.00
-7765.00
-7740.00
-7710.00
-7676.00
-7639.00
-7599.00
-7555.00
-7508.00
-7458.00
-7406.00
-7350.00
-7293.00
-7232.00
-7170.00
-7107.00
-7042.00
-6975.00
-6908.00
-6839.00
-6771.00
-6702.00
-6634.00
-6565.00
-6497.00
-6430.00
-6364.00
-6299.00
-6237.00
-6175.00
-6116.00
-6058.00
-6004.00
-5952.00
-5902.00
-5856.00
-5814.00
-5774.00
-5738.00
-5706.00
-5677.00
-5652.00
-5633.00
-5616.00
-5603.00
-5595.00
-5590.00
-5591.00
-5595.00
-5603.00
-5617.00
-5634.00
-5655.00
-5679.00
-5708.00
-5741.00
-5777.00
-5817.00
-5860.00
-5906.00
-5956.00
-6008.00
-6063.00
-6120.00
-6180.00
-6241.00
-6305.00
-6370.00
-6435.00
-6503.00
-6571.00
-6639.00
-6708.00
-6776.00
-6844.00
-6913.00
-6980.00
-7047.00
-7112.00
-7175.00
-7237.00
-7297.00
-7355.00
-7410.00
-7462.00
-7512.00
-7559.00
-7602.00
-7642.00
-7679.00
-7712.00
-7741.00
-7767.00
-7788.00
-7806.00
-7819.00
-7828.00
-7833.00
-7834.00
-7831.00
-7823.00
-7810.00
-7794.00
-7774.00
-7750.00
-7722.00
-7690.00
-7655.00
-7615.00
-7573.00
-7528.00
-7478.00
-7427.00
-7373.00
-7316.00
-7257.00
-7195.00
-7132.00
-7068.00
-7002.00
-6934.00
-6867.00
-6799.00
-6730.00
-6661.00
-6593.00
-6525.00
-6457.00
-6391.00
-6325.00
-6261.00
-6199.00
-6139.00
-6081.00
-6025.00
-5972.00
-5922.00
-5875.00
-5830.00
-5790.00
-5753.00
-5719.00
-5689.00
-5662.00
-5640.00
-5622.00
-5607.00
-5598.00
-5592.00
-5591.00
-5593.00
-5600.00
-5611.00
-5627.00
-5645.00
-5670.00
-5696.00
-5727.00
-5763.00
-5801.00
-5843.00
-5888.00
-5935.00
-5987.00
-6041.00
-6097.00
-6155.00
-6216.00
-6279.00
-6343.00
-6409.00
-6476.00
-6543.00
-6612.00
-6680.00
-6749.00
-6817.00
-6886.00
-6953.00
-7020.00
-7086.00
-7150.00
-7212.00
-7273.00
-7332.00
-7388.00
-7441.00
-7492.00
-7540.00
-7585.00
-7626.00
-7664.00
-7700.00
-7730.00
-7757.00
-7781.00
-7799.00
-7814.00
-7825.00
-7832.00
-7834.00
-7833.00
-7826.00
-7816.00
-7802.00
-7783.00
-7761.00
-7734.00
-7703.00
-7669.00
-7631.00
-7590.00
-7546.00
-7498.00
-7448.00
-7395.00
-7339.00
-7280.00
-7220.00
-7158.00
-7093.00
-7029.00
-6961.00
-6894.00
-6826.00
-6758.00
-6689.00
-6621.00
-6552.00
-6484.00
-6417.00
-6352.00
-6287.00
-6224.00
-6163.00
-6104.00
-6048.00
-5993.00
-5942.00
-5893.00
-5848.00
-5805.00
-5767.00
-5732.00
-5700.00
-5672.00
-5649.00
-5629.00
-5613.00
-5601.00
-5594.00
-5591.00
-5592.00
-5597.00
-5607.00
-5620.00
-5637.00
-5659.00
-5685.00
-5715.00
-5748.00
-5785.00
-5825.00
-5869.00
-5916.00
-5967.00
-6019.00
-6075.00
-6132.00
-6192.00
-6255.00
-6318.00
-6383.00
-6449.00
-6516.00
-6585.00
-6653.00
-6722.00
-6791.00
-6859.00
-6927.00
-6994.00
-7060.00
-7125.00
-7188.00
-7250.00
-7308.00
-7366.00
-7420.00
-7473.00
-7522.00
-7568.00
-7610.00
-7650.00
-7686.00
-7719.00
-7747.00
-7772.00
-7792.00
-7809.00
-7822.00
-7830.00
-7834.00
-7834.00
-7829.00
-7820.00
-7808.00
-7791.00
-7770.00
-7745.00
-7716.00
-7683.00
-7647.00
-7607.00
-7565.00
-7518.00
-7469.00
-7417.00
-7361.00
-7305.00
-7244.00
-7183.00
-7119.00
-7055.00
-6988.00
-6921.00
-6853.00
-6784.00
-6716.00
-6647.00
-6579.00
-6511.00
-6444.00
-6377.00
-6312.00
-6249.00
-6187.00
-6127.00
-6070.00
-6015.00
-5963.00
-5913.00
-5865.00
-5822.00
-5782.00
-5745.00
-5713.00
-5683.00
-5658.00
-5636.00
-5619.00
-5606.00
-5597.00
-5592.00
-5591.00
-5595.00
-5603.00
-5615.00
-5630.00
-5650.00
-5675.00
-5703.00
-5734.00
-5770.00
-5809.00
-5852.00
-5898.00
-5946.00
-5997.00
-6052.00
-6109.00
-6168.00
-6230.00
-6293.00
-6357.00
-6423.00
-6490.00
-6557.00
-6626.00
-6695.00
-6763.00
-6832.00
-6900.00
-6967.00
-7033.00
-7099.00
-7163.00
-7225.00
-7286.00
-7344.00
-7399.00
-7452.00
-7503.00
-7551.00
-7594.00
-7635.00
-7673.00
-7706.00
-7736.00
-7762.00
-7785.00
-7803.00
-7817.00
-7827.00
-7833.00
-7834.00
-7832.00
-7824.00
-7813.00
-7798.00
-7779.00
-7756.00
-7728.00
-7697.00
-7662.00
-7624.00
-7582.00
-7537.00
-7489.00
-7438.00
-7384.00
-7328.00
-7269.00
-7209.00
-7145.00
-7081.00
-7015.00
-6948.00
-6881.00
-6813.00
-6744.00
-6675.00
-6607.00
-6538.00
-6471.00
-6404.00
-6339.00
-6275.00
-6212.00
-6151.00
-6093.00
-6037.00
-5983.00
-5932.00
-5884.00
-5839.00
-5798.00
-5760.00
-5726.00
-5695.00
-5668.00
-5645.00
-5626.00
-5610.00
-5600.00
-5593.00
-5591.00
-5593.00
-5599.00
-5609.00
-5623.00
-5642.00
-5664.00
-5691.00
-5722.00
-5756.00
-5793.00
-5834.00
-5878.00
-5926.00
-5976.00
-6030.00
-6086.00
-6144.00
-6204.00
-6267.00
-6331.00
-6396.00
-6463.00
-6530.00
-6599.00
-6667.00
-6736.00
-6804.00
-6873.00
-6941.00
-7007.00
-7073.00
-7138.00
-7200.00
-7261.00
-7320.00
-7377.00
-7431.00
-7483.00
-7531.00
-7577.00
-7619.00
-7658.00
-7693.00
-7724.00
-7752.00
-7776.00
-7796.00
-7812.00
-7823.00
-7831.00
-7834.00
-7833.00
-7828.00
-7818.00
-7805.00
-7787.00
-7765.00
-7740.00
-7710.00
-7677.00
-7640.00
-7599.00
-7555.00
-7508.00
-7459.00
-7405.00
-7350.00
-7293.00
-7232.00
-7170.00
-7106.00
-7042.00
-6975.00
-6908.00
-6840.00
-6771.00
-6703.00
-6634.00
-6565.00
-6498.00
-6430.00
-6364.00
-6300.00
-6236.00
-6175.00
-6116.00
-6058.00
-6004.00
-5952.00
-5903.00
-5857.00
-5814.00
-5774.00
-5738.00
-5706.00
-5678.00
-5653.00
-5632.00
-5616.00
-5603.00
-5595.00
-5591.00
-5591.00
-5596.00
-5604.00
-5617.00
-5634.00
-5655.00
-5680.00
-5709.00
-5742.00
-5778.00
-5818.00
-5861.00
-5907.00
-5956.00
-6008.00
-6063.00
-6120.00
-6180.00
-6242.00
-6305.00
-6370.00
-6436.00
-6503.00
-6571.00
-6640.00
-6708.00
-6777.00
-6846.00
-6914.00
-6981.00
-7047.00
-7112.00
-7175.00
-7237.00
-7297.00
-7355.00
-7410.00
-7463.00
-7512.00
-7559.00
-7602.00
-7642.00
-7679.00
-7713.00
-7742.00
-7768.00
-7789.00
-7806.00
-7819.00
-7829.00
-7833.00
-7834.00
-7831.00
-7823.00
-7811.00
-7795.00
-7774.00
-7750.00
-7722.00
-7690.00
-7655.00
-7616.00
-7574.00
-7528.00
-7479.00
-7427.00
-7373.00
-7316.00
-7257.00
-7195.00
-7132.00
-7068.00
-7002.00
-6935.00
-6867.00
-6798.00
-6730.00
-6661.00
-6593.00
-6525.00
-6457.00
-6391.00
-6325.00
-6262.00
-6199.00
-6139.00
-6081.00
-6025.00
-5972.00
-5922.00
-5874.00
-5831.00
-5790.00
-5753.00
-5719.00
-5689.00
-5662.00
-5640.00
-5622.00
-5608.00
-5598.00
-5592.00
-5591.00
-5593.00
-5601.00
-5611.00
-5627.00
-5646.00
-5669.00
-5697.00
-5728.00
-5763.00
-5801.00
-5843.00
-5888.00
-5936.00
-5987.00
-6040.00
-6098.00
-6156.00
-6217.00
-6279.00
-6344.00
-6409.00
-6476.00
-6544.00
-6612.00
-6681.00
-6749.00
-6818.00
-6887.00
-6954.00
-7021.00
-7087.00
-7151.00
-7213.00
-7274.00
-7332.00
-7388.00
-7442.00
-7493.00
-7541.00
-7586.00
-7627.00
-7665.00
-7699.00
-7730.00
-7758.00
-7781.00
-7800.00
-7815.00
-7825.00
-7832.00
-7834.00
-7833.00
-7826.00
-7816.00
-7802.00
-7783.00
-7760.00
-7734.00
-7704.00
-7670.00
-7632.00
-7591.00
-7547.00
-7499.00
-7448.00
-7395.00
-7339.00
-7281.00
-7220.00
-7158.00
-7094.00
-7028.00
-6962.00
-6894.00
-6826.00
-6757.00
-6689.00
-6620.00
-6551.00
-6483.00
-6417.00
-6351.00
-6287.00
-6224.00
-6162.00
-6104.00
-6047.00
-5993.00
-5941.00
-5893.00
-5848.00
-5806.00
-5767.00
-5731.00
-5700.00
-5672.00
-5648.00
-5629.00
-5613.00
-5601.00
-5594.00
-5591.00
-5592.00
-5597.00
-5606.00
-5620.00
-5638.00
-5660.00
-5686.00
-5715.00
-5748.00
-5785.00
-5825.00
-5870.00
-5917.00
-5966.00
-6019.00
-6075.00
-6132.00
-6192.00
-6255.00
-6318.00
-6383.00
-6450.00
-6517.00
-6585.00
-6654.00
-6722.00
-6791.00
-6859.00
-6927.00
-6994.00
-7060.00
-7125.00
-7188.00
-7250.00
-7309.00
-7367.00
-7421.00
-7473.00
-7522.00
-7568.00
-7611.00
-7651.00
-7687.00
-7719.00
-7747.00
-7772.00
-7793.00
-7809.00
-7822.00
-7830.00
-7834.00
-7834.00
-7829.00
-7821.00
-7808.00
-7791.00
-7770.00
-7745.00
-7716.00
-7684.00
-7647.00
-7608.00
-7565.00
-7518.00
-7469.00
-7416.00
-7361.00
-7304.00
-7245.00
-7183.00
-7119.00
-7054.00
-6988.00
-6921.00
-6853.00
-6785.00
-6717.00
-6647.00
-6579.00
-6511.00
-6444.00
-6377.00
-6313.00
-6249.00
-6187.00
-6127.00
-6070.00
-6015.00
-5962.00
-5912.00
-5866.00
-5822.00
-5782.00
-5745.00
-5712.00
-5683.00
-5658.00
-5636.00
-5619.00
-5606.00
-5596.00
-5592.00
-5591.00
-5595.00
-5603.00
-5614.00
-5631.00
-5651.00
-5675.00
-5702.00
-5735.00
-5770.00
-5810.00
-5852.00
-5898.00
-5946.00
-5998.00
-6053.00
-6109.00
-6168.00
-6230.00
-6293.00
-6357.00
-6423.00
-6490.00
-6558.00
-6626.00
-6695.00
-6764.00
-6832.00
-6899.00
-6968.00
-7034.00
-7100.00
