-7159.00
-7221.00
-7282.00
-7340.00
-7396.00
-7449.00
-7499.00
-7548.00
-7591.00
-7633.00
-7670.00
-7704.00
-7734.00
-7761.00
-7784.00
-7802.00
-7816.00
-7827.00
-7833.00
-7834.00
-7832.00
-7825.00
-7814.00
-7800.00
-7781.00
-7757.00
-7731.00
-7700.00
-7665.00
-7626.00
-7585.00
-7540.00
-7493.00
-7441.00
-7388.00
-7331.00
-7273.00
-7212.00
-7150.00
-7086.00
-7020.00
-6953.00
-6885.00
-6817.00
-6749.00
-6681.00
-6612.00
-6543.00
-6476.00
-6409.00
-6343.00
-6279.00
-6216.00
-6155.00
-6098.00
-6041.00
-5987.00
-5936.00
-5888.00
-5843.00
-5801.00
-5762.00
-5728.00
-5697.00
-5670.00
-5646.00
-5627.00
-5612.00
-5601.00
-5594.00
-5591.00
-5593.00
-5599.00
-5608.00
-5623.00
-5641.00
-5663.00
-5690.00
-5720.00
-5753.00
-5791.00
-5832.00
-5876.00
-5924.00
-5974.00
-6027.00
-6083.00
-6140.00
-6201.00
-6263.00
-6327.00
-6392.00
-6459.00
-6527.00
-6595.00
-6663.00
-6732.00
-6800.00
-6869.00
-6937.00
-7003.00
-7069.00
-7134.00
-7197.00
-7258.00
-7316.00
-7374.00
-7428.00
-7480.00
-7529.00
-7574.00
-7617.00
-7656.00
-7691.00
-7723.00
-7751.00
-7775.00
-7795.00
-7811.00
-7823.00
-7831.00
-7834.00
-7833.00
-7829.00
-7820.00
-7806.00
-7789.00
-7768.00
-7742.00
-7712.00
-7679.00
-7642.00
-7602.00
-7559.00
-7512.00
-7462.00
-7410.00
-7355.00
-7297.00
-7237.00
-7175.00
-7110.00
-7046.00
-6980.00
-6912.00
-6845.00
-6775.00
-6707.00
-6639.00
-6570.00
-6503.00
-6435.00
-6369.00
-6304.00
-6241.00
-6179.00
-6120.00
-6063.00
-6008.00
-5956.00
-5906.00
-5860.00
-5817.00
-5777.00
-5741.00
-5708.00
-5680.00
-5655.00
-5634.00
-5617.00
-5604.00
-5596.00
-5592.00
-5592.00
-5595.00
-5604.00
-5617.00
-5633.00
-5654.00
-5679.00
-5707.00
-5740.00
-5775.00
-5815.00
-5857.00
-5905.00
-5953.00
-6005.00
-6060.00
-6117.00
-6176.00
-6238.00
-6301.00
-6366.00
-6432.00
-6499.00
-6567.00
-6635.00
-6704.00
-6772.00
-6841.00
-6909.00
-6977.00
-7043.00
-7108.00
-7171.00
-7233.00
-7293.00
-7351.00
-7406.00
-7459.00
-7509.00
-7556.00
-7600.00
-7640.00
-7677.00
-7710.00
-7740.00
-7766.00
-7788.00
-7805.00
-7819.00
-7828.00
-7834.00
-7834.00
-7831.00
-7823.00
-7812.00
-7796.00
-7776.00
-7752.00
-7724.00
-7693.00
-7657.00
-7618.00
-7576.00
-7530.00
-7482.00
-7430.00
-7376.00
-7320.00
-7261.00
-7199.00
-7137.00
-7072.00
-7006.00
-6939.00
-6871.00
-6803.00
-6735.00
-6666.00
-6597.00
-6529.00
-6462.00
-6395.00
-6330.00
-6266.00
-6203.00
-6143.00
-6085.00
-6029.00
-5976.00
-5925.00
-5877.00
-5833.00
-5792.00
-5755.00
-5720.00
-5691.00
-5664.00
-5641.00
-5623.00
-5609.00
-5598.00
-5593.00
-5591.00
-5593.00
-5600.00
-5611.00
-5626.00
-5645.00
-5668.00
-5695.00
-5726.00
-5761.00
-5799.00
-5840.00
-5885.00
-5933.00
-5984.00
-6038.00
-6094.00
-6152.00
-6213.00
-6276.00
-6340.00
-6405.00
-6472.00
-6539.00
-6608.00
-6676.00
-6745.00
-6814.00
-6882.00
-6950.00
-7016.00
-7082.00
-7146.00
-7208.00
-7270.00
-7329.00
-7384.00
-7438.00
-7489.00
-7537.00
-7582.00
-7624.00
-7663.00
-7697.00
-7728.00
-7755.00
-7779.00
-7798.00
-7813.00
-7824.00
-7831.00
-7834.00
-7832.00
-7826.00
-7817.00
-7802.00
-7784.00
-7762.00
-7736.00
-7705.00
-7672.00
-7634.00
-7593.00
-7549.00
-7502.00
-7451.00
-7398.00
-7342.00
-7284.00
-7224.00
-7161.00
-7097.00
-7032.00
-6966.00
-6898.00
-6830.00
-6761.00
-6693.00
-6624.00
-6556.00
-6488.00
-6421.00
-6355.00
-6291.00
-6227.00
-6166.00
-6107.00
-6051.00
-5996.00
-5945.00
-5896.00
-5851.00
-5808.00
-5769.00
-5734.00
-5702.00
-5674.00
-5649.00
-5629.00
-5614.00
-5602.00
-5594.00
-5591.00
-5591.00
-5596.00
-5606.00
-5619.00
-5636.00
-5658.00
-5684.00
-5713.00
-5746.00
-5783.00
-5823.00
-5867.00
-5913.00
-5963.00
-6015.00
-6071.00
-6128.00
-6189.00
-6250.00
-6314.00
-6379.00
-6445.00
-6513.00
-6581.00
-6649.00
-6718.00
-6786.00
-6855.00
-6923.00
-6990.00
-7056.00
-7121.00
-7184.00
-7246.00
-7305.00
-7363.00
-7417.00
-7470.00
-7519.00
-7565.00
-7608.00
-7648.00
-7684.00
-7717.00
-7745.00
-7770.00
-7791.00
-7808.00
-7821.00
-7830.00
-7834.00
-7834.00
-7829.00
-7821.00
-7809.00
-7793.00
-7771.00
-7747.00
-7718.00
-7686.00
-7650.00
-7610.00
-7567.00
-7521.00
-7472.00
-7419.00
-7365.00
-7308.00
-7248.00
-7187.00
-7124.00
-7059.00
-6992.00
-6925.00
-6858.00
-6789.00
-6721.00
-6652.00
-6583.00
-6515.00
-6448.00
-6382.00
-6316.00
-6253.00
-6191.00
-6130.00
-6073.00
-6018.00
-5965.00
-5915.00
-5868.00
-5824.00
-5784.00
-5747.00
-5715.00
-5684.00
-5659.00
-5638.00
-5619.00
-5606.00
-5598.00
-5592.00
-5591.00
-5594.00
-5601.00
-5613.00
-5629.00
-5649.00
-5674.00
-5701.00
-5733.00
-5768.00
-5806.00
-5849.00
-5894.00
-5943.00
-5994.00
-6048.00
-6105.00
-6164.00
-6226.00
-6288.00
-6353.00
-6418.00
-6485.00
-6553.00
-6622.00
-6690.00
-6759.00
-6827.00
-6896.00
-6963.00
-7030.00
-7095.00
-7159.00
-7221.00
-7282.00
-7340.00
-7396.00
-7449.00
-7499.00
-7547.00
-7591.00
-7632.00
-7670.00
-7704.00
-7734.00
-7762.00
-7784.00
-7802.00
-7816.00
-7827.00
-7833.00
-7834.00
-7832.00
-7826.00
-7815.00
-7800.00
-7780.00
-7757.00
-7730.00
-7700.00
-7665.00
-7627.00
-7585.00
-7540.00
-7492.00
-7441.00
-7387.00
-7331.00
-7273.00
-7212.00
-7149.00
-7085.00
-7019.00
-6952.00
-6885.00
-6817.00
-6748.00
-6680.00
-6610.00
-6543.00
-6475.00
-6408.00
-6343.00
-6279.00
-6215.00
-6155.00
-6096.00
-6040.00
-5986.00
-5935.00
-5887.00
-5842.00
-5801.00
-5761.00
-5727.00
-5696.00
-5669.00
-5645.00
-5626.00
-5611.00
-5600.00
-5593.00
-5591.00
-5592.00
-5598.00
-5608.00
-5622.00
-5640.00
-5663.00
-5689.00
-5719.00
-5753.00
-5791.00
-5831.00
-5876.00
-5923.00
-5973.00
-6026.00
-6082.00
-6140.00
-6201.00
-6263.00
-6327.00
-6392.00
-6459.00
-6526.00
-6594.00
-6663.00
-6731.00
-6799.00
-6868.00
-6936.00
-7003.00
-7069.00
-7134.00
-7196.00
-7257.00
-7317.00
-7374.00
-7428.00
-7480.00
-7529.00
-7574.00
-7616.00
-7655.00
-7691.00
-7723.00
-7751.00
-7774.00
-7795.00
-7811.00
-7823.00
-7830.00
-7834.00
-7833.00
-7829.00
-7819.00
-7805.00
-7788.00
-7767.00
-7742.00
-7712.00
-7678.00
-7642.00
-7602.00
-7558.00
-7511.00
-7462.00
-7409.00
-7353.00
-7297.00
-7236.00
-7174.00
-7110.00
-7046.00
-6979.00
-6912.00
-6843.00
-6776.00
-6707.00
-6638.00
-6570.00
-6502.00
-6435.00
-6368.00
-6304.00
-6240.00
-6179.00
-6119.00
-6062.00
-6007.00
-5955.00
-5906.00
-5859.00
-5817.00
-5776.00
-5740.00
-5708.00
-5679.00
-5654.00
-5634.00
-5617.00
-5604.00
-5595.00
-5592.00
-5591.00
-5595.00
-5603.00
-5617.00
-5633.00
-5654.00
-5678.00
-5707.00
-5739.00
-5775.00
-5815.00
-5858.00
-5904.00
-5953.00
-6005.00
-6059.00
-6117.00
-6176.00
-6238.00
-6301.00
-6366.00
-6432.00
-6498.00
-6567.00
-6635.00
-6704.00
-6772.00
-6840.00
-6909.00
-6976.00
-7043.00
-7108.00
-7172.00
-7233.00
-7293.00
-7351.00
-7407.00
-7459.00
-7509.00
-7556.00
-7600.00
-7640.00
-7677.00
-7710.00
-7740.00
-7766.00
-7787.00
-7805.00
-7819.00
-7828.00
-7833.00
-7834.00
-7831.00
-7823.00
-7812.00
-7796.00
-7776.00
-7752.00
-7724.00
-7693.00
-7657.00
-7618.00
-7576.00
-7531.00
-7482.00
-7431.00
-7376.00
-7320.00
-7260.00
-7199.00
-7136.00
-7072.00
-7006.00
-6938.00
-6871.00
-6802.00
-6734.00
-6666.00
-6597.00
-6529.00
-6461.00
-6395.00
-6329.00
-6265.00
-6203.00
-6142.00
-6085.00
-6028.00
-5976.00
-5925.00
-5877.00
-5833.00
-5792.00
-5755.00
-5721.00
-5690.00
-5664.00
-5642.00
-5623.00
-5609.00
-5598.00
-5592.00
-5591.00
-5593.00
-5599.00
-5611.00
-5626.00
-5645.00
-5667.00
-5695.00
-5726.00
-5761.00
-5798.00
-5840.00
-5885.00
-5933.00
-5984.00
-6038.00
-6094.00
-6152.00
-6213.00
-6276.00
-6340.00
-6405.00
-6472.00
-6539.00
-6608.00
-6676.00
-6745.00
-6814.00
-6882.00
-6950.00
-7016.00
-7082.00
-7147.00
-7209.00
-7270.00
-7328.00
-7385.00
-7439.00
-7489.00
-7537.00
-7583.00
-7624.00
-7663.00
-7697.00
-7729.00
-7756.00
-7779.00
-7799.00
-7814.00
-7825.00
-7832.00
-7834.00
-7833.00
-7827.00
-7817.00
-7803.00
-7784.00
-7762.00
-7735.00
-7706.00
-7672.00
-7634.00
-7594.00
-7549.00
-7502.00
-7451.00
-7399.00
-7342.00
-7284.00
-7224.00
-7162.00
-7098.00
-7032.00
-6966.00
-6898.00
-6830.00
-6762.00
-6693.00
-6625.00
-6556.00
-6488.00
-6421.00
-6355.00
-6290.00
-6227.00
-6166.00
-6107.00
-6051.00
-5997.00
-5945.00
-5896.00
-5851.00
-5808.00
-5770.00
-5734.00
-5702.00
-5675.00
-5650.00
-5630.00
-5615.00
-5602.00
-5594.00
-5591.00
-5592.00
-5597.00
-5606.00
-5620.00
-5636.00
-5658.00
-5684.00
-5713.00
-5746.00
-5783.00
-5823.00
-5867.00
-5913.00
-5963.00
-6016.00
-6071.00
-6129.00
-6189.00
-6250.00
-6314.00
-6379.00
-6445.00
-6512.00
-6580.00
-6649.00
-6718.00
-6786.00
-6855.00
-6923.00
-6990.00
-7056.00
-7121.00
-7184.00
-7246.00
-7305.00
-7363.00
-7417.00
-7470.00
-7519.00
-7565.00
-7608.00
-7648.00
-7684.00
-7717.00
-7745.00
-7771.00
-7791.00
-7808.00
-7821.00
-7830.00
-7834.00
-7834.00
-7830.00
-7821.00
-7809.00
-7792.00
-7772.00
-7746.00
-7718.00
-7686.00
-7649.00
-7610.00
-7567.00
-7521.00
-7472.00
-7419.00
-7365.00
-7307.00
-7248.00
-7186.00
-7123.00
-7058.00
-6992.00
-6925.00
-6858.00
-6788.00
-6720.00
-6651.00
-6583.00
-6515.00
-6447.00
-6381.00
-6316.00
-6252.00
-6190.00
-6131.00
-6073.00
-6018.00
-5965.00
-5915.00
-5868.00
-5825.00
-5784.00
-5747.00
-5714.00
-5685.00
-5659.00
-5637.00
-5619.00
-5606.00
-5596.00
-5591.00
-5590.00
-5594.00
-5601.00
-5613.00
-5629.00
-5648.00
-5673.00
-5700.00
-5732.00
-5768.00
-5806.00
-5848.00
-5894.00
-5943.00
-5994.00
-6048.00
-6105.00
-6164.00
-6225.00
-6287.00
-6352.00
-6419.00
-6485.00
-6553.00
-6621.00
-6690.00
-6758.00
-6827.00
-6896.00
-6963.00
-7030.00
-7095.00
-7159.00
-7221.00
-7281.00
-7340.00
-7396.00
-7449.00
-7499.00
-7547.00
-7591.00
-7633.00
-7670.00
-7704.00
-7734.00
-7760.00
-7783.00
-7801.00
-7816.00
-7826.00
-7832.00
-7834.00
-7832.00
-7825.00
-7814.00
-7799.00
-7780.00
-7756.00
-7730.00
-7699.00
-7665.00
-7626.00
-7585.00
-7539.00
-7491.00
-7441.00
-7387.00
-7330.00
-7272.00
-7211.00
-7149.00
-7085.00
-7019.00
-6952.00
-6884.00
-6816.00
-6747.00
-6679.00
-6610.00
-6542.00
-6475.00
-6407.00
-6342.00
-6278.00
-6215.00
-6155.00
-6096.00
-6039.00
-5986.00
-5935.00
-5887.00
-5841.00
-5800.00
-5762.00
-5727.00
-5696.00
-5669.00
-5645.00
-5626.00
-5611.00
-5600.00
-5594.00
-5591.00
-5592.00
-5597.00
-5608.00
-5623.00
-5641.00
-5663.00
-5689.00
-5719.00
-5753.00
-5791.00
-5831.00
-5876.00
-5923.00
-5974.00
-6027.00
-6082.00
-6140.00
-6200.00
-6263.00
-6327.00
-6392.00
-6458.00
-6526.00
-6594.00
-6663.00
-6731.00
-6800.00
-6868.00
-6936.00
-7003.00
-7069.00
-7134.00
-7197.00
-7258.00
-7317.00
-7374.00
-7428.00
-7480.00
-7528.00
-7574.00
-7616.00
-7656.00
-7691.00
-7723.00
-7751.00
-7774.00
-7795.00
-7811.00
-7822.00
-7830.00
-7833.00
-7833.00
-7828.00
-7819.00
-7806.00
-7788.00
-7767.00
-7741.00
-7712.00
-7678.00
-7642.00
-7602.00
-7558.00
-7512.00
-7461.00
-7409.00
-7354.00
-7297.00
-7236.00
-7174.00
-7110.00
-7045.00
-6979.00
-6912.00
-6844.00
-6775.00
-6706.00
-6638.00
-6569.00
-6501.00
-6434.00
-6368.00
-6303.00
-6239.00
-6179.00
-6119.00
-6062.00
-6007.00
-5955.00
-5906.00
-5859.00
-5816.00
-5777.00
-5740.00
-5707.00
-5679.00
-5654.00
-5633.00
-5616.00
-5604.00
-5595.00
-5591.00
-5591.00
-5595.00
-5604.00
-5616.00
-5633.00
-5653.00
-5678.00
-5707.00
-5739.00
-5775.00
-5815.00
-5858.00
-5904.00
-5953.00
-6005.00
-6060.00
-6117.00
-6176.00
-6238.00
-6301.00
-6366.00
-6432.00
-6499.00
-6567.00
-6635.00
-6704.00
-6773.00
-6841.00
-6909.00
-6977.00
-7043.00
-7108.00
-7172.00
-7233.00
-7294.00
-7351.00
-7407.00
-7459.00
-7510.00
-7556.00
-7600.00
-7640.00
-7677.00
-7710.00
-7740.00
-7765.00
-7787.00
-7805.00
-7819.00
-7828.00
-7833.00
-7834.00
-7831.00
-7823.00
-7812.00
-7796.00
-7776.00
-7752.00
-7724.00
-7692.00
-7657.00
-7618.00
-7575.00
-7531.00
-7481.00
-7431.00
-7376.00
-7320.00
-7260.00
-7199.00
-7136.00
-7072.00
-7005.00
-6939.00
-6871.00
-6802.00
-6734.00
-6665.00
-6596.00
-6528.00
-6461.00
-6394.00
-6329.00
-6265.00
-6203.00
-6142.00
-6085.00
-6029.00
-5975.00
-5925.00
-5877.00
-5833.00
-5792.00
-5754.00
-5720.00
-5690.00
-5664.00
-5641.00
-5623.00
-5609.00
-5599.00
-5592.00
-5591.00
-5594.00
-5600.00
-5610.00
-5625.00
-5645.00
-5668.00
-5695.00
-5726.00
-5761.00
-5799.00
-5840.00
-5885.00
-5933.00
-5984.00
-6037.00
-6094.00
-6152.00
-6213.00
-6276.00
-6340.00
-6406.00
-6472.00
-6540.00
-6608.00
-6677.00
-6745.00
-6814.00
-6882.00
-6950.00
-7017.00
-7083.00
-7147.00
-7209.00
-7270.00
-7329.00
-7385.00
-7439.00
-7490.00
-7539.00
-7584.00
-7625.00
-7663.00
-7698.00
-7729.00
-7756.00
-7780.00
-7799.00
-7814.00
-7825.00
-7832.00
-7834.00
-7833.00
-7827.00
-7817.00
-7802.00
-7785.00
-7762.00
-7735.00
-7705.00
-7672.00
-7634.00
-7594.00
-7549.00
-7502.00
-7451.00
-7398.00
-7342.00
-7284.00
-7224.00
-7162.00
-7098.00
-7032.00
-6966.00
-6898.00
-6830.00
-6762.00
-6693.00
-6624.00
-6556.00
-6488.00
-6421.00
-6355.00
-6291.00
-6227.00
-6167.00
-6107.00
-6050.00
-5996.00
-5945.00
-5896.00
-5850.00
-5808.00
-5769.00
-5734.00
-5702.00
-5674.00
-5650.00
-5630.00
-5614.00
-5602.00
-5595.00
-5591.00
-5592.00
-5596.00
-5606.00
-5620.00
-5637.00
-5659.00
-5684.00
-5713.00
-5746.00
-5783.00
-5823.00
-5867.00
-5914.00
-5963.00
-6016.00
-6072.00
-6129.00
-6189.00
-6251.00
-6314.00
-6380.00
-6446.00
-6512.00
-6581.00
-6650.00
-6718.00
-6787.00
-6855.00
-6923.00
-6990.00
-7056.00
-7122.00
-7184.00
-7246.00
-7306.00
-7363.00
-7418.00
-7470.00
-7520.00
-7566.00
-7609.00
-7648.00
-7684.00
-7717.00
-7746.00
-7771.00
-7791.00
-7808.00
-7821.00
-7829.00
-7834.00
-7834.00
-7830.00
-7821.00
-7808.00
-7792.00
-7771.00
-7747.00
-7718.00
-7686.00
-7650.00
-7610.00
-7567.00
-7521.00
-7471.00
-7419.00
-7364.00
-7307.00
-7248.00
-7186.00
-7123.00
-7058.00
-6992.00
-6925.00
-6857.00
-6788.00
-6720.00
-6651.00
-6583.00
-6515.00
-6447.00
-6381.00
-6316.00
-6253.00
-6191.00
-6131.00
-6073.00
-6018.00
-5965.00
-5915.00
-5868.00
-5824.00
-5785.00
-5748.00
-5714.00
-5685.00
-5659.00
-5637.00
-5620.00
-5607.00
-5597.00
-5592.00
-5591.00
-5594.00
-5602.00
-5613.00
-5629.00
-5650.00
-5674.00
-5701.00
-5733.00
-5768.00
-5807.00
-5849.00
-5895.00
-5943.00
-5994.00
-6048.00
-6106.00
-6164.00
-6226.00
-6288.00
-6353.00
-6419.00
-6486.00
-6554.00
-6622.00
-6691.00
-6760.00
-6827.00
-6896.00
-6964.00
-7030.00
-7096.00
-7160.00
-7222.00
-7282.00
-7340.00
-7396.00
-7449.00
-7500.00
-7547.00
-7591.00
-7633.00
-7670.00
-7704.00
-7734.00
-7761.00
-7783.00
-7802.00
-7816.00
-7826.00
-7832.00
-7834.00
-7832.00
-7825.00
-7814.00
-7799.00
-7780.00
-7757.00
-7730.00
-7699.00
-7665.00
-7626.00
-7584.00
-7540.00
-7492.00
-7441.00
-7387.00
-7331.00
-7272.00
-7211.00
-7149.00
-7084.00
-7019.00
-6952.00
-6885.00
-6816.00
-6747.00
-6679.00
-6610.00
-6542.00
-6475.00
-6408.00
-6342.00
-6278.00
-6215.00
-6154.00
-6096.00
-6039.00
-5986.00
-5935.00
-5887.00
-5842.00
-5800.00
-5762.00
-5727.00
-5696.00
-5669.00
-5646.00
-5626.00
-5611.00
-5600.00
-5594.00
-5591.00
-5592.00
-5598.00
-5609.00
-5623.00
-5641.00
-5663.00
-5690.00
-5719.00
-5754.00
-5791.00
-5832.00
-5876.00
-5923.00
-5974.00
-6027.00
-6083.00
-6141.00
-6201.00
-6263.00
-6327.00
-6393.00
-6459.00
-6526.00
-6595.00
-6663.00
-6731.00
-6800.00
-6869.00
-6937.00
-7003.00
-7069.00
-7134.00
-7197.00
-7258.00
-7317.00
-7374.00
-7428.00
-7480.00
-7529.00
-7575.00
-7617.00
-7655.00
-7691.00
-7723.00
-7751.00
-7775.00
-7795.00
-7811.00
-7823.00
-7831.00
-7834.00
-7834.00
-7829.00
-7819.00
-7806.00
-7789.00
-7767.00
-7742.00
-7712.00
-7679.00
-7643.00
-7601.00
-7559.00
-7511.00
-7462.00
-7409.00
-7354.00
-7296.00
-7236.00
-7175.00
-7110.00
-7045.00
-6979.00
-6912.00
-6843.00
-6775.00
-6707.00
-6638.00
-6569.00
-6502.00
-6434.00
-6369.00
-6303.00
-6240.00
-6179.00
-6119.00
-6062.00
-6006.00
-5955.00
-5906.00
-5859.00
-5816.00
-5776.00
-5740.00
-5708.00
-5680.00
-5655.00
-5634.00
-5617.00
-5605.00
-5595.00
-5591.00
-5591.00
-5596.00
-5604.00
-5616.00
-5633.00
-5654.00
-5679.00
-5707.00
-5740.00
-5776.00
-5815.00
-5859.00
-5904.00
-5953.00
-6005.00
-6061.00
-6118.00
-6177.00
-6239.00
-6302.00
-6367.00
-6432.00
-6499.00
-6567.00
-6636.00
-6704.00
-6773.00
-6842.00
-6910.00
-6977.00
-7043.00
-7109.00
-7172.00
-7234.00
-7294.00
-7352.00
-7407.00
-7460.00
-7510.00
-7556.00
-7600.00
-7640.00
-7678.00
-7711.00
-7740.00
-7766.00
-7787.00
-7805.00
-7819.00
-7828.00
-7833.00
-7834.00
-7831.00
-7823.00
-7812.00
-7796.00
-7776.00
-7752.00
-7724.00
-7693.00
-7657.00
-7618.00
-7576.00
-7531.00
-7481.00
-7431.00
-7376.00
-7320.00
-7260.00
-7199.00
-7136.00
-7072.00
-7005.00
-6939.00
-6871.00
-6802.00
-6734.00
-6666.00
-6597.00
-6529.00
-6461.00
-6394.00
-6329.00
-6265.00
-6203.00
-6143.00
-6084.00
-6029.00
-5976.00
-5925.00
-5878.00
-5833.00
-5792.00
-5755.00
-5721.00
-5691.00
-5664.00
-5642.00
-5623.00
-5609.00
-5599.00
-5592.00
-5591.00
-5593.00
-5600.00
-5611.00
-5626.00
-5645.00
-5668.00
-5696.00
-5726.00
-5761.00
-5799.00
-5840.00
-5886.00
-5934.00
-5984.00
-6038.00
-6095.00
-6153.00
-6214.00
-6277.00
-6340.00
-6406.00
-6473.00
-6541.00
-6608.00
-6677.00
-6745.00
-6814.00
-6883.00
-6951.00
-7017.00
-7083.00
-7147.00
-7210.00
-7270.00
-7329.00
-7386.00
-7440.00
-7490.00
-7538.00
-7583.00
-7625.00
-7664.00
-7698.00
-7729.00
-7756.00
-7780.00
-7799.00
-7814.00
-7825.00
-7832.00
-7834.00
-7832.00
-7827.00
-7817.00
-7803.00
-7784.00
-7762.00
-7735.00
-7706.00
-7672.00
-7634.00
-7593.00
-7549.00
-7501.00
-7451.00
-7398.00
-7341.00
-7284.00
-7223.00
-7161.00
-7097.00
-7032.00
-6965.00
-6898.00
-6829.00
-6761.00
-6693.00
-6624.00
-6555.00
-6488.00
-6421.00
-6355.00
-6290.00
-6228.00
-6166.00
-6107.00
-6050.00
-5996.00
-5945.00
-5896.00
-5850.00
-5808.00
-5769.00
-5734.00
-5701.00
-5674.00
-5650.00
-5630.00
-5614.00
-5602.00
-5595.00
-5591.00
-5591.00
-5597.00
-5606.00
-5619.00
-5637.00
-5658.00
-5684.00
-5713.00
-5746.00
-5783.00
-5823.00
-5867.00
-5914.00
-5964.00
-6016.00
-6071.00
-6129.00
-6190.00
-6251.00
-6314.00
-6380.00
-6446.00
-6513.00
-6581.00
-6650.00
-6718.00
-6787.00
-6855.00
-6923.00
-6990.00
-7056.00
-7121.00
-7185.00
-7246.00
-7306.00
-7364.00
-7418.00
-7470.00
-7519.00
-7566.00
-7609.00
-7649.00
-7684.00
-7717.00
-7746.00
-7771.00
-7791.00
-7808.00
-7821.00
-7829.00
-7833.00
-7834.00
-7830.00
-7821.00
-7809.00
-7792.00
-7771.00
-7746.00
-7718.00
-7685.00
-7649.00
-7610.00
-7567.00
-7521.00
-7471.00
-7419.00
-7364.00
-7307.00
-7248.00
-7186.00
-7123.00
-7058.00
-6992.00
-6925.00
-6857.00
-6788.00
-6720.00
-6652.00
-6583.00
-6515.00
-6447.00
-6381.00
-6316.00
-6252.00
-6191.00
-6131.00
-6073.00
-6017.00
-5965.00
-5915.00
-5868.00
-5825.00
-5784.00
-5747.00
-5714.00
-5685.00
-5659.00
-5637.00
-5620.00
-5606.00
-5597.00
-5592.00
-5591.00
-5594.00
-5602.00
-5614.00
-5629.00
-5649.00
-5673.00
-5701.00
-5732.00
-5768.00
-5807.00
-5849.00
-5895.00
-5943.00
-5995.00
-6049.00
-6106.00
-6165.00
-6226.00
-6289.00
-6353.00
-6419.00
-6486.00
-6554.00
-6623.00
-6691.00
-6759.00
-6828.00
-6896.00
-6964.00
-7031.00
-7096.00
